0
-0.8793455
-0.1686954
0.23302
-0.05358851
0.148413
-0.05444252
0.02528447
-0.03394645
-0.8578734
0.7508184
0.04273051
0.0513925
0.198494
-0.02528453
0.005246043
-0.259616
-0.184952
0.09180504
0.353373
-0.130235
-0.02918845
0.03101844
0.0324825
-0.1207495
-0.1071464
-0.328485
0.473604
0.06420249
-0.038064
0.03842998
0.06188452
-0.1683295
-0.1960235
-0.68076
1.207221
-0.236192
-0.25071
0.3183286
-0.09827101
-0.01671404
-0.237778
-0.4611599
0.7255644
-0.07143098
0.04565853
0.03980249
0.1610095
-0.08448499
-0.6641375
-0.119743
0.5575705
0.2528145
-0.1773576
0.06469053
0.08360052
-0.103029
-0.118889
-0.3895155
0.444324
0.06188452
0.06862497
-0.05529642
0.06517845
-0.04175448
-0.238022
-0.469578
0.6627955
0.05151445
-0.08921248
0.06286049
-0.01235253
0.004148006
-0.2110295
-0.2947826
0.450424
0.1551231
-0.1779675
0.1488094
0.03782004
-0.147193
-0.3089649
-0.5159686
0.894626
0.06822848
-0.1954135
0.1190109
-0.02232593
-0.01430452
-0.228872
-0.3018584
0.5449129
-0.006984532
-0.004758
0.06151849
0.04065651
-0.08591849
-0.447008
0.5062085
-0.007472456
-0.0765245
0.03797251
0.04321843
-0.6989685
0.0206486
0.6342475
0.01232195
-0.05529648
0.06127453
-0.04419452
0.01894051
-0.2863646
-0.3353169
0.689666
0.02500999
-0.126575
0.002073944
0.01769006
-0.06395853
-0.343735
-0.150609
0.4339235
0.0719189
-0.002714455
0.09778303
0.008906007
-0.01793402
-0.345443
-0.5042566
0.8507975
0.04419452
-0.09229302
-0.02073997
0.08896846
0.05505252
-0.566263
-0.005489945
0.2670884
0.2486361
-0.107787
0.09631902
0.06054252
0.00146395
-0.4244075
-0.4821745
0.8281055
0.119377
-0.120841
-0.07127845
0.1060485
-0.0881145
-0.2537904
-0.2431461
0.427366
0.2029775
-0.104127
0.0296765
0.05724853
-0.346053
-0.099491
-0.06554449
0.6086274
-0.221552
-0.05371052
0.0385825
-0.0195505
0.01366401
-0.348493
0.2630624
0.1148631
-0.09558702
0.1231589
0.03345853
-0.04956251
-0.345565
-0.3064945
0.7239479
0.03272653
-0.09973502
-0.06286049
0.05090451
-0.03748453
-0.452254
-0.1963896
0.774883
-0.04602444
-0.01747656
0.02943254
0.0365085
-0.2770925
0.1314551
-0.457378
0.562481
0.115229
-0.2479041
0.1265751
0.06530052
-0.4977905
-0.2499781
0.4991326
0.2431459
-0.06676447
-0.00622201
0.1017785
-0.07262045
-0.4283115
-0.03614247
0.5789509
-0.07359648
-0.101077
0.004026055
0.03419048
-0.4912025
-0.04834259
0.545401
-0.1734535
0.332999
-0.228384
0.2077355
0.0235765
-0.231434
-0.657336
0.673928
0.26352
-0.1559771
-0.009637952
-0.007960498
-0.145607
-0.3389771
-0.3846353
0.7162924
0.09848452
-0.004392028
0.0426085
0.002928078
-0.05883455
-0.2994185
-0.4139155
0.6463255
0.116815
-0.05358851
0.01781207
-0.006466031
-0.138409
-0.3690195
0.208986
0.3834155
-0.112545
0.00622201
0.09924698
-0.01991647
-0.2173735
-0.528321
0.6115555
0.1968775
-0.08164853
-0.02488798
0.042822
-0.134261
-0.4976686
0.06042051
0.69052
-0.232654
0.08814502
0.09863698
-0.04419452
-0.307013
-0.137555
0.356545
-0.03013396
0.010858
-0.008174002
0.06493443
0.01537204
-0.4043996
-0.3766749
0.822341
-0.116205
0.06920451
0.03565443
-0.002805948
-0.209352
-0.04712248
-0.4148915
0.557845
0.147925
-0.146949
0.05163652
-0.05541849
-0.41663
-0.01097989
0.1356333
0.4150136
-0.07432848
0.143533
-0.08457655
-0.08875495
-0.2631845
-0.703696
1.066982
-0.02552855
-0.07018042
0.016958
0.03065246
-0.4056195
-0.1157169
0.2986865
0.1403609
0.08765703
0.0473665
-0.07018048
0.00158602
-0.347639
-0.212036
0.596763
-0.002074003
-0.06688648
-0.02488798
0.06310445
-0.3209209
0.2623304
-0.2030079
0.1738194
0.1184011
0.07655501
-0.05663854
-0.07387096
-0.334829
-0.621285
0.9698084
0.115961
-0.113155
-0.01662254
-0.04968441
-0.4217236
0.351299
-0.105469
0.3691415
-0.1643035
0.1622295
-0.079117
0.04675645
-0.4521319
-0.46421
0.7298345
0.2723345
-0.2877066
0.1192551
0.008905947
-0.230946
0.092659
-0.302011
0.2819725
0.09790504
0.09985697
-0.00158596
0.110105
-0.174582
-0.396439
0.1199869
0.3234526
-0.002806067
-0.03049999
-0.0338245
0.05590653
-0.09631896
-0.5393925
0.6573054
-0.1137649
0.20252
-0.0616405
-0.05041647
-0.4169654
-0.4645761
0.939644
-0.003416002
-0.1736975
0.07859856
-0.004880071
-0.07201052
-0.134017
-0.2706264
0.5421985
-0.1732095
0.1667435
-0.01500601
0.01366401
-0.2880726
-0.2060274
0.593347
-0.130601
-0.03419048
-0.107177
0.198494
-0.1391715
-0.2988085
-0.1227931
0.3615471
0.1612535
-0.06761849
0.08225846
0.06874704
-0.311649
-0.02037394
-0.2907565
0.367281
0.133773
-0.02074003
0.03394651
0.0643245
-0.4036675
-0.452986
0.596397
0.18971
-0.001738489
0.04565847
0.01979452
-0.0188185
-0.49959
-0.2608665
0.7422785
0.06883854
-0.113521
0.01537204
0.04114449
0.01439601
-0.007564068
-0.5596445
0.2178614
0.348493
0.06777102
-0.00304997
-0.04590255
-0.111569
-0.210328
-0.3146684
0.583953
-0.02186853
-0.02147204
0.03028655
-0.01808655
-0.273768
0.2111515
-0.2924646
0.4078156
-0.009272039
-0.03199452
0.08570504
-0.008783996
-0.422486
-0.03647804
0.3110085
0.007686019
0.06630701
-0.02650452
0.09619701
-0.1613755
-0.2590365
-0.1359689
0.2834365
0.1489316
0.109373
-0.113765
0.132065
-0.05566251
-0.318969
-0.5182865
0.6077734
0.264374
-0.00304997
0.002074003
-0.0663985
0.1301435
-0.3904915
-0.460672
0.4347775
0.3798776
-0.1463695
0.1480775
-0.007319987
-0.117913
-0.200812
-0.5390265
0.7983069
-0.03858244
-0.06932652
0.117913
0.02488798
-0.09214044
-0.3204331
-0.21228
0.5734611
0.002226532
0.01476198
0.007319987
0.02073997
-0.491904
-0.1588135
0.4222115
0.1472236
-0.01256603
0.1032425
-0.04184604
-0.07313895
-0.1861415
-0.2803864
0.4919344
-0.01049197
0.00158602
0.03037792
0.127429
-0.2170075
-0.4065955
0.3136925
0.216794
0.01500601
-0.1833354
0.1542994
-0.06398904
-0.283528
-0.216916
0.363377
0.1593015
0.102175
-0.05114847
0.01585996
-0.113643
-0.1884595
-0.336659
0.576633
-0.01024801
-0.01525003
-0.0439505
0.06871653
-0.1705255
-0.2645265
0.307379
-0.1606435
0.2220399
0.130357
0.001341939
-0.006709993
-0.321897
-0.4557921
0.7381306
0.08814496
-0.1082749
0.05993247
-0.01110202
-0.119865
-0.191052
-0.2238699
0.443714
0.0006100535
0.03626442
0.01781201
0.079849
-0.2791665
-0.2707485
0.2703825
0.253882
-0.01769
-0.07814103
0.06545305
0.03635597
-0.3500789
-0.1573495
0.3157969
0.1540555
0.07018048
0.010858
-0.07676852
-0.2877065
-0.3155529
0.571265
0.02784646
-0.04224247
0.05261248
0.01000398
-0.09692895
-0.00793004
-0.2746524
0.22021
0.03736246
0.114863
0.06688648
-0.03162849
-0.339587
-0.2096875
0.5168225
-0.0799709
0.1121789
-0.0534665
0.06679505
-0.1667435
-0.07899499
-0.4269695
0.5103564
0.05529654
0.2002935
-0.124501
0.03650844
-0.225578
-0.07850695
-0.03452599
0.2050515
0.08363104
-0.086559
-0.02135009
0.05615056
-0.3768275
0.005123973
0.2867306
-0.06066453
0.1489315
-0.01415199
0.1694275
-0.08387506
-0.217038
-0.7626526
0.7438646
0.22326
-0.04919648
-0.01000398
0.08518648
-0.06761849
-0.382775
0.01781189
0.1629617
0.1225489
0.03626454
0.1114165
-0.02232599
0.03211653
-0.3680436
-0.3852149
0.626043
0.01345056
0.01768994
0.108153
-0.0690825
0.01842207
-0.3796335
-0.2348499
0.5230445
-0.127185
0.229726
0.06530046
-0.019032
0.001708031
-0.444568
-0.6272935
0.8231035
0.2477821
-0.05712652
-0.002196014
-0.005611956
0.06164044
-0.334341
-0.223992
0.315187
0.1407269
-0.03062195
0.1022665
0.07057703
-0.07692105
-0.4095235
-0.149755
0.5170665
-0.08289897
0.01744598
0.1733315
0.02040452
-0.210084
-0.104859
-0.06981456
0.206424
-0.04358453
0.1724775
-0.01927602
0.03586805
-0.146461
-0.4254141
0.06591058
0.435174
-0.06957048
0.02745003
-0.00634402
-0.01159
-0.1571055
-0.600179
0.4801919
0.2698945
0.06066453
0.04626846
-0.02979851
0.04651254
-0.3737776
-0.6074989
0.8350289
0.07435906
-0.01711053
0.02077049
0.01134604
-0.1144969
-0.2580605
-0.5080081
0.7147981
-0.05407655
0.1680855
0.07798856
-0.01671404
0.009516001
-0.4925141
-0.2054479
0.593469
0.008814514
-0.05236846
0.08665049
-0.07384056
-0.002683938
-0.1756495
-0.1331631
0.2540041
0.03968048
0.125965
-0.202398
0.07472503
0.225822
-0.448472
-0.6092374
0.9899384
0.07533503
-0.112911
0.04062599
-0.08787048
0.09326899
-0.2447625
-0.4355094
0.5998129
0.05163652
0.01659203
0.01467049
0.007075965
0.02940202
-0.566873
-0.373137
0.841617
0.08363104
-0.02208203
0.01268804
-0.006954014
-0.08887702
-0.4048874
-0.3203111
0.5791034
0.1453631
0.0643245
0.003293931
0.03846049
-0.08350897
-0.1016565
0.002439976
-0.2614765
0.5049885
-0.1667435
-0.03171998
0.008173943
0.05371058
-0.3984215
-0.1782115
0.4955639
0.003050029
-0.003782034
0.116327
0.04578048
-0.00622201
-0.24705
-0.2098399
0.3209209
-0.01711053
0.0317505
0.06713051
-0.001951993
0.03208601
-0.273524
-0.4742445
0.570899
0.187392
-0.1300215
0.208986
-0.106567
0.05163646
-0.2996625
-0.358009
0.480436
0.01781201
0.112911
-0.08225852
0.06944853
-0.08018458
-0.1335595
-0.2918544
0.1838236
0.3784134
-0.1797975
0.1258429
-0.1815055
0.1816275
-0.3969575
-0.05273449
0.325435
-0.05981046
0.1651574
0.002927959
0.03391606
-0.1073905
-0.3651155
0.01707995
0.343491
-0.03135401
0.214964
-0.113521
0.06700844
-0.1743075
-0.1505175
-0.2952704
0.477874
0.110715
-0.04269999
0.0724985
-0.04797649
-0.3010045
-0.4862005
0.676246
-0.03772855
0.203618
0.03260458
-0.05285656
-0.006984472
-0.2920985
-0.2142015
0.456524
-0.007228553
-0.009637952
-0.04895252
0.1270935
-0.008662045
-0.183854
-0.004269958
-0.02781606
0.1530491
-0.05160606
0.136457
-0.08302099
0.03687453
-0.1718675
-0.3077145
0.4317275
0.005977988
0.03602052
-0.0466345
0.04626852
-0.06517851
-0.219356
-0.1041269
0.2746524
0.06212854
0.002195954
0.08899897
0.01512802
-0.09924698
-0.2062715
-0.566263
0.817461
0.05578446
-0.1506395
0.02113652
0.06261647
-0.209474
0.02955455
0.08286846
0.107055
-0.123403
0.1628395
-0.03321451
-0.014274
-0.3695074
-0.3330905
0.618113
0.1298995
-0.007564008
-0.01784247
-0.02269202
-0.001707971
-0.06225049
-0.4981565
0.6092375
-0.1989821
0.1725995
-0.01951998
-0.02138048
-0.03904003
-0.320433
0.1339256
0.284138
-0.116693
-0.002806008
0.106811
-0.06578851
-0.05468649
-0.705038
0.5902969
0.216428
-0.01805604
0.165005
-0.139385
-0.005611956
-0.4795821
-0.09400094
0.2724565
0.3122285
-0.08323455
0.124745
-0.02992052
-0.1536589
-0.0534665
-0.417362
0.5432049
0.0677405
0.012932
0.03419054
0.04968446
-0.0670085
-0.459086
-0.300059
0.7145845
0.04614651
-0.06481254
-0.0001220107
0.04221207
-0.02952403
-0.2951484
-0.02418649
0.2742864
0.004879951
0.132675
-0.137921
0.07969654
-0.2730361
-0.2559864
0.3895155
0.1582035
-0.1444175
0.01988596
0.04785454
-0.001219988
-0.144875
-0.4053755
0.5493965
-0.05017251
0.03955853
0.04163253
0.08994442
-0.263764
-0.194712
-0.384849
0.848205
-0.02061802
-0.135847
0.02013004
-0.009272039
-0.3775595
-0.228018
0.4959606
0.1158389
0.1442955
-0.05932248
-0.03419054
-0.04773247
-0.3812195
-0.1984634
0.5160905
0.05590647
-0.07030255
0.08091658
0.04651242
-0.1761374
-0.218258
0.07786644
0.1611316
0.0296765
0.1960235
-0.01647002
-0.02281398
-0.5771515
0.05993259
0.2758725
0.2822165
-0.123769
-0.04419452
0.07191902
0.0820145
-0.6655099
-0.003416061
0.572119
0.02369851
-0.05651647
0.08860248
0.03284848
-0.1590574
0.0412665
-0.5688251
0.471652
0.1552755
-0.05834657
-0.03101844
0.06835049
-0.09092057
0.02366805
-0.333243
0.527345
-0.210206
0.207644
-0.119865
0.03574598
-0.4209915
-0.3856114
0.7880589
0.03062195
-0.08164847
0.0609085
-0.01610398
-0.0256505
-0.2827044
-0.1573192
0.3108866
0.113887
0.102297
-0.07274246
0.01415193
-0.4758305
0.112301
0.2740425
0.04504859
0.08079445
-0.05932254
0.04968452
-0.03452599
-0.43371
-0.123037
0.441274
0.08323449
-0.04187649
0.107177
-0.03306198
0.09604448
-0.1939495
-0.238754
-0.2614764
0.4382239
0.1619855
-0.09509903
0.06566656
0.03809446
-0.06066453
-0.2719684
-0.555161
0.7499645
0.115961
-0.006099939
0.002806008
-0.04318804
-0.02992046
-0.2931966
-0.4712859
0.813191
0.130845
-0.1140091
0.01845253
-0.03101844
-0.07811058
0.01769006
-0.449448
0.5175545
-0.04346251
0.04382849
0.008540034
-0.01378602
-0.209108
0.08338702
-0.0009760261
0.2015135
0.08070296
-0.3797555
0.236192
-0.108153
-0.254126
-0.3936635
0.784765
-0.04346251
-0.08579654
0.1791875
-0.1399035
0.09668505
-0.3823175
-0.24705
0.6138735
-0.02418655
0.009028077
0.04687846
-0.0244
-0.07960498
-0.1144971
-0.3539829
0.2711145
0.25437
0.04187644
-0.02281398
0.01793402
-0.08360058
-0.2390285
-0.4635999
0.7608529
-0.1285575
-0.01524997
0.09680694
0.02830404
-0.215696
-0.375333
0.359107
0.195078
0.02757204
0.124989
-0.04724449
-0.04245597
-0.2167941
-0.314211
0.6158255
-0.120109
0.01524997
-0.06530052
0.0357765
0.01439601
-0.335195
-0.1971215
0.4323375
0.09192699
-0.01317602
0.07774448
-0.01329798
-0.04883051
-0.110715
-0.6741719
0.8604354
-0.08177048
0.01622599
0.02101451
-0.0113765
-0.157929
-0.07204098
-0.04001606
0.113521
0.1704035
0.02805996
0.03053057
-0.1008331
-0.3007604
-0.1132771
0.3967135
0.1231591
-0.1550315
0.112789
-0.09217095
0.08851099
-0.211914
-0.248514
0.3664269
0.002318025
0.122671
-0.02073997
0.02452195
-0.08884645
-0.135725
-0.440664
0.591761
-0.01341999
0.03565449
0.02903599
-0.005001962
-0.241926
-0.3530071
0.3752111
0.2755064
-0.138409
0.2146894
-0.1921195
0.002440035
-0.430782
-0.263764
0.7676545
0.006953955
-0.06871647
0.0235765
0.03696597
-0.09177446
-0.210938
-0.1746736
0.332877
0.0595665
-0.02162451
-0.01671398
0.09619701
-0.327387
-0.08884645
0.2620559
0.2030081
-0.1489316
0.07506055
-0.07249856
-0.003781915
-0.2991745
-0.1707696
0.4994985
0.02586401
-0.05383247
0.126209
-0.03611195
-0.2890486
-0.20679
0.257786
0.08692497
0.08826697
-0.05383241
0.04294389
0.1055911
-0.4997425
-0.09860647
0.4011055
0.107665
0.0759145
0.01744598
-0.02269202
-0.02040446
-0.483974
0.1658895
0.3935415
-0.08277702
-0.04489595
-0.01576853
0.05297852
-0.03757602
-0.04809844
-0.3778036
0.344345
0.02589452
0.126941
-0.121817
0.07847649
-0.121939
-0.1423436
-0.006831884
0.188002
0.112057
-0.008082449
-0.05358851
0.03589851
-0.3472731
-0.2892925
0.5544291
-0.0317505
0.06456852
0.004391968
0.116327
-0.09445852
-0.1386835
-0.00304997
-0.03965002
0.249002
-0.05834651
-0.02955449
0.09888101
-0.01976401
-0.453352
-0.1623516
0.477874
0.05981058
0.01991642
0.1597895
-0.05651647
0.03659999
-0.3047865
0.137067
-0.0894565
0.1837016
-0.1485655
0.07618892
0.04111403
-0.08445454
-0.3671895
-0.1793095
0.5217025
-0.006465971
0.1278256
0.08945644
0.0277245
-0.115473
-0.4529859
-0.02516258
0.2847785
0.1778454
-0.0460245
0.07936102
-0.00939405
-0.03394645
-0.07969654
-0.2514724
0.07875097
0.2083455
0.1284355
-0.03162849
0.03907049
0.01647002
-0.249856
-0.339221
0.334707
0.149389
0.002196014
-0.006709993
0.04785448
-0.1636935
0.1457595
-0.408334
0.318847
0.02500993
0.1444175
-0.09522092
0.04309648
-0.141947
-0.107787
-0.537227
0.7386185
-0.04306597
0.03794199
0.05468643
-0.03184193
-0.3870755
0.05724847
0.23241
-0.08094704
0.02284449
0.2261881
-0.03345853
-0.01708001
-0.562603
-0.146095
0.5672085
0.1375856
0.01524997
-0.02269197
0.02183801
-0.01403004
-0.1877275
-0.4847366
0.5963055
0.03647798
-0.01500601
0.05761451
0.02549797
0.02601653
-0.2736765
-0.5142605
0.6183876
0.138043
-0.121939
0.07262045
-0.01890999
-0.09961301
0.227896
-0.4126955
0.07640254
0.193736
0.0452925
0.06127453
-0.02760255
0.03370255
-0.5085265
-0.2672105
0.538813
0.05407643
0.114009
0.05249053
0.0002440214
-0.110593
-0.230824
-0.6130195
1.015223
-0.335317
0.333609
-0.098149
0.02867001
-0.06920451
-0.4531081
-0.05407643
0.347151
0.184952
-0.0521245
0.0745725
-0.01598197
-0.07289499
-0.361303
-0.3378791
0.7078745
0.1054385
-0.1973655
0.245342
-0.123403
0.02650452
-0.2463486
-0.3698429
0.4925139
0.03492254
0.0433405
0.05846852
-0.001708031
-0.04724449
-0.325435
-0.4395354
0.6059129
0.1641815
0.01671398
0.08973104
-0.01512802
-0.0399245
-0.3082025
-0.02931058
0.3558131
-0.02257001
0.015616
-0.04822052
0.03223854
-0.03419054
-0.1777235
-0.436028
0.5808114
0.0003660321
0.0793305
0.01573801
0.06615448
-0.149999
-0.344589
-0.1888255
0.3122284
0.206058
0.023058
0.110105
-0.06261647
0.037332
-0.1681771
-0.2646484
0.1974875
0.2138659
-0.01000398
0.114253
-0.09095103
-0.03598994
-0.2472025
-0.2063935
0.344223
0.2730665
-0.192638
0.06383646
-0.02818197
-0.01024801
-0.120963
-0.3106729
0.459208
-0.1499075
0.07143098
0.146339
-0.05322248
0.01393849
-0.02479649
-0.2755066
-0.4074495
0.672464
-0.03894854
0.0001220703
0.04517049
0.02467448
0.05014199
-0.1977314
-0.1506395
0.0113765
0.128893
0.2099314
-0.03354996
0.07103449
-0.116083
-0.2015135
-0.4699745
0.7189766
-0.0643245
-0.07814103
0.06630701
0.122183
-0.23485
0.159637
-0.4034236
0.2397606
0.07298654
0.09458047
-0.05749249
0.06533098
-0.07008898
-0.008051991
-0.7066241
0.5859051
0.111569
0.01805598
0.05859053
-0.09201849
-0.4050095
-0.1375855
0.5876435
-0.0235765
0.081801
-0.01235247
0.02186853
-0.01894051
-0.1937056
-0.120109
0.1644256
0.1536894
-0.01759851
-0.05968845
0.07323045
-0.0785985
-0.440542
-0.1142529
0.4472519
0.129869
-0.08128244
0.1935835
-0.015616
-0.04114455
-0.472262
-0.140605
0.5543985
0.01271844
-0.0405345
0.07896453
-0.02610797
-0.119499
-0.1469796
-0.06957042
0.221796
0.02403396
0.126453
0.073017
-0.05029452
-0.2725784
-0.004148006
-0.2763606
0.418582
0.01756799
0.02318001
0.007197976
0.1401475
0.02122802
-0.592737
0.143777
0.08985305
0.1718674
0.08762652
0.009058475
0.01891005
-0.1593015
-0.06310451
-0.3793895
0.3942735
0.005002022
0.08814496
0.06261653
-0.03150648
-0.04977602
-0.09692901
-0.2798985
0.2491241
0.1309974
0.04858649
0.008540034
0.05505252
-0.1805601
-0.153537
-0.4777825
0.7082404
-0.01036996
-0.02040452
0.02186853
0.06749648
-0.197274
0.1955661
-0.2781905
0.2831925
-0.1778455
0.1679635
-0.006832004
0.0616405
-0.2619645
-0.07054651
0.02818203
0.219844
0.03297049
-0.02284449
-0.006099999
-0.0521245
-0.1813836
0.1338035
0.01415199
0.07335252
-0.01988602
0.103273
-0.01101053
-0.001341999
-0.383019
-0.1147411
0.4355096
0.03370249
-0.0304085
0.07557899
-0.03223848
-0.107177
-0.2559561
-0.315187
0.6300995
-0.106567
0.1435636
0.01390797
0.07054651
-0.129015
-0.3365371
-0.101931
0.3808535
0.130967
-0.036722
-0.05871248
0.09165251
-0.1594235
-0.135725
-0.458354
0.5099905
0.1890695
0.002440035
0.07106495
-0.01076645
-0.1559771
-0.09509903
-0.5633349
0.6257075
0.06737447
0.007441998
0.08838904
0.002561986
-0.1137649
-0.225944
-0.2033435
0.615917
-0.113643
-0.09055442
0.1736974
-0.07338297
-0.0968985
-0.320799
-0.113155
0.569191
-0.1694275
0.09656298
0.0513925
-0.07606697
-0.06578857
-0.1269409
-0.09485507
0.2840465
0.006862521
0.006100059
0.08347851
0.007319987
-0.2287501
-0.259616
0.4666501
-0.03309256
-0.0602985
0.06920451
0.009180546
-0.03736258
-0.3277529
-0.2763605
0.558333
0.06883848
-0.05127048
0.106689
0.01418251
-0.1501515
-0.231434
-0.4332219
0.7820809
-0.05749243
-0.0317505
0.09156096
-0.01647002
-0.1823595
-0.1314856
-0.06725252
0.3480051
-0.04797649
0.1306315
-0.02735853
-0.04431647
-0.353251
-0.225334
0.69174
0.03748453
-0.1381651
-0.1356335
0.1373416
-0.05834657
-0.2829484
-0.532469
0.7280045
0.140483
-0.02696198
0.03553247
0.03904003
-0.09702057
-0.1248975
-0.6792654
0.730536
0.093391
-0.06737453
0.08689451
0
-0.2104195
-0.07753104
0.05297852
0.192638
0.1043405
0.05444252
-0.1823595
0.08558291
-0.217526
-0.565897
0.7276385
0.07420653
-0.005246043
-0.02662647
0.00158596
-0.2023674
0.09961295
-0.2077661
0.235582
0.06700855
0.002806008
0.119133
-0.1097085
-0.2071561
-0.1658894
0.2472939
0.2619646
-0.1782115
-0.01439595
0.02269197
-0.05676049
-0.1603996
-0.5660189
0.796111
-0.05029452
0.07143098
0.03708804
-0.01769
-0.09107298
-0.09994859
-0.5211229
0.8141975
-0.192394
0.02931041
0.06505656
-0.007564008
-0.437126
-0.4263594
0.7614325
0.1478335
-0.0161345
-0.02561998
0.08518648
-0.09860647
-0.1446615
-0.349713
0.4003736
0.0711565
-0.09323853
0.07957453
-0.01512802
-0.315675
-0.1861415
0.3663051
0.1783335
-0.0002440214
0.073017
-0.04931849
0.01439601
-0.2363139
-0.6529136
0.714554
0.09253705
0.05627245
-0.04712254
0.04041255
-0.03602052
0.02989
-0.3300405
0.2971005
-0.04919654
0.04858655
0.01207799
0.02318001
-0.156953
-0.02223444
-0.1109591
0.206058
0.05151457
-0.03309256
0.01125449
0.08250254
-0.1733315
-0.2152081
0.2427801
0.009424508
0.149267
-0.05114853
0.08192307
-0.01772052
-0.07091254
-0.45689
-0.1900455
0.712602
-0.123159
0.06456846
-0.007686019
0.01708001
-0.234728
-0.07066846
-0.2022455
0.486048
-0.1717455
0.236314
-0.005124032
0.04553652
-0.1274289
-0.2700166
-0.543449
0.7851311
0.02699244
-0.01223052
0.01759851
0.09519053
-0.114985
0.01650047
-0.5970376
0.4692121
0.1202615
0.05785847
0.07896453
-0.06761849
-0.05261248
0.1253549
-0.7056479
0.5301204
0.00939405
-0.05968851
0.1484435
-0.001951993
-0.454938
-0.3492249
0.7815624
0.002806008
-0.027816
0.143533
-0.03367203
-0.004513979
-0.3889055
-0.222284
0.3926874
0.142801
-0.008783996
-0.004148006
0.02211249
-0.07631099
-0.263276
-0.184098
0.350079
0.1272155
0.06176251
-0.03223854
-0.003659964
-0.020374
-0.1976401
-0.5152365
0.8182235
-0.1347795
0.01845258
0.005855978
0.09128648
-0.2021235
0.09470254
-0.2502221
0.2741646
-0.01854402
0.03916204
0.04504848
-0.0001220107
-0.242658
0.02549803
-0.02354598
0.154269
-0.04819
0.1008025
-0.01610398
0.04163247
-0.196298
-0.09323847
0.2005375
-0.0534665
0.03870451
0.03236043
0.151341
-0.06103045
-0.2000496
-0.1380734
0.1571054
0.326045
-0.225944
-0.01073599
0.06127453
-0.04687852
-0.209596
-0.567727
0.6125314
0.123891
0.01671404
0.04260844
0.09644103
-0.219112
-0.0548085
-0.558455
0.7524045
-0.147315
0.09299451
0.0507825
0.1248975
-0.08399701
-0.4501801
-0.6646254
0.937326
0.116571
-0.05590647
0.112301
0.02000797
0.03297049
-0.134261
-0.1281915
-0.4300194
0.470066
0.082533
0.09860653
-0.04135799
0.007441938
-0.07155293
-0.164151
-0.560407
0.727242
-0.0637145
0.1408795
-0.0208925
0.03931451
-0.118401
-0.09461099
-0.4434395
0.6786554
-0.1065364
0.003293991
0.03281796
-0.01439601
-0.110959
0.05993247
-0.2650145
0.3477916
-0.1579595
0.1354811
0.01732403
0.03846049
-0.009028018
-0.367525
-0.2346365
0.6030155
0.008539975
-0.0399245
-0.0004879832
0.03455645
-0.04041249
-0.3249165
-0.197884
0.1777235
0.3283629
0.0446825
-0.009516001
0.03001201
0.08668095
-0.454694
-0.01991653
0.200812
0.209352
-0.1373414
-0.00463599
0.01756799
0.08533895
-0.2541565
0.196786
-0.134627
0.06786257
0.07005847
0.07652456
-0.07969654
0.05249053
-0.2650145
0.114131
-0.05175853
0.204472
-0.05883455
-0.004757941
0.03208596
-0.02330196
-0.119011
-0.4130616
0.4522236
0.05053848
0.05407655
-0.03635609
0.02440006
-0.01366401
-0.2816065
-0.2734325
0.7493545
-0.07713449
-0.04285252
-0.07201046
-0.05785853
0.01256597
-0.138653
-0.2181359
0.3403189
-0.02613854
0.08082503
-0.01561594
0.05761445
-0.004300535
-0.2532719
-0.3071045
0.473238
0.134261
-0.117669
-0.04199857
0.07704306
0.01073599
-0.105591
0.04346251
-0.129503
0.112301
-0.03150654
0.1696715
0.04578048
-0.077775
-0.143777
-0.03077453
0.06947899
0.07298654
-0.09387904
0.02077055
0.06395847
0.03830802
-0.262788
0.144509
-0.09665453
0.1821155
-0.06225049
0.06676453
0.02134997
0.02174652
-0.1279475
-0.0785985
0.1458815
-0.3518175
0.2321965
0.128161
-0.01451796
0.03599
-0.03220797
-0.06789303
-0.04770201
-0.2797765
0.454206
-0.21716
0.2437559
-0.04687846
0.07618898
-0.08497298
-0.1527135
-0.1297471
-0.02122796
0.2986865
-0.02842599
0.0650565
0.06481248
-0.103273
-0.2933185
-0.432978
0.7204405
-0.1528355
0.2172821
-0.001829982
0.05590653
-0.004880071
-0.3317789
-0.1779675
0.3717951
0.0009759665
0.100711
-0.07274252
0.08948702
-0.08716893
-0.06493455
-0.3591071
0.229116
0.004514098
0.255102
0.08948702
-0.05188054
0.003903985
-0.199592
-0.0955565
-0.123769
0.2669361
-0.05407655
0.09448904
0.114375
-0.02504045
-0.135969
0.04382849
-0.5285344
0.4214795
0.07664645
0.08277702
-0.0433405
0.0466345
-0.02955449
-0.2270421
-0.3956155
0.458964
0.113887
0.064843
-0.02540648
0.04358447
-0.121573
-0.1336815
-0.1396289
0.1651574
0.129869
0.07579249
0.05663848
0.02479655
-0.476776
-0.007350564
0.2712366
0.1455154
0.02928001
-0.0244
0.06871653
-0.213866
-0.106933
-0.1056825
0.01720202
0.3311689
0.05712646
-0.06578845
0.02696198
-0.138531
-0.08302099
-0.225822
0.2728225
0.08311248
-0.03842998
0.156587
-0.05124003
-0.2847785
-0.456036
0.5330485
0.0709126
0.195932
-0.04029047
0.08909047
-0.136457
-0.1912655
-0.5750471
0.8214871
-0.04687852
-0.08579648
0.1634495
0.019642
-0.1479555
0.1672315
-0.609817
0.357765
0.101077
0.1072685
0.002226472
0.03306204
-0.21045
-0.2185935
0.153537
0.1752835
0.04809844
-0.04187644
0.01357245
-0.05712652
-0.1422215
-0.3984215
0.341661
0.222284
0.05151451
0.02196002
0.0296765
-0.233508
-0.131089
0.001464009
0.2886825
-0.06411105
0.0158906
0.08067244
-0.02928001
-0.3837814
-0.2849005
0.682346
-0.09326899
0.102297
-0.0007320046
-0.04199851
-0.03293997
-0.07936108
-0.360571
0.319945
0.152805
0.01650053
0.02696198
-0.04419452
-0.335561
-0.2946604
0.3702395
0.3236965
-0.04514003
0.06005454
-0.04651248
-0.101199
-0.1494194
-0.4287995
0.5835869
-0.02098393
0.0529784
0.07835454
0.002196014
-0.2729446
0.0512706
-0.08421052
0.2999065
-0.08875507
0.1194075
-0.01650047
-0.09506851
-0.2398825
-0.481656
0.6681939
0.1174251
-0.07838506
0.08314306
0.04846448
-0.0473665
0.004025996
-0.7424005
0.7221485
-0.07618904
0.1293811
0.05127043
-0.05749243
-0.3333345
-0.1617415
0.257786
0.1891
-0.06996697
0.04553652
0.002074003
0.05871248
-0.355813
-0.2995405
0.451156
0.126453
0.06920445
-0.06615448
0.05017251
-0.07057703
-0.05932248
-0.6706035
0.6084751
0.1568614
-0.05993253
0.1160831
-0.05468655
-0.09397054
-0.04968441
-0.41114
0.5086484
-0.03659993
0.108031
0.03147596
-0.05602849
-0.1967555
-0.08558291
-0.01061404
0.3097885
-0.01146799
-0.05236846
-0.006466031
0.03528851
-0.02760249
-0.129747
-0.5707769
0.5030364
0.2010255
0.07801902
-0.06883848
0.06798446
0.03062201
-0.3245506
-0.3506889
0.2592499
0.4930326
-0.107055
0.034648
0.02504051
-0.0609085
-0.4687241
-0.4733903
0.8143194
-0.05798042
0.237168
-0.03016448
0.0452925
-0.02601653
-0.4133055
0.0616405
0.123891
0.1446615
0.002683938
-0.06408054
0.1107151
0.03123194
-0.163663
-0.06386691
-0.1098306
0.139873
0.1496636
0.003538013
0.05554044
0.0507825
-0.3329989
-0.08131307
0.1683295
0.05090451
0.086559
0.00317198
-0.01076651
-0.005855978
-0.1680855
0.03687453
-0.05444252
0.1547875
-0.01000398
0.107787
0.01988608
-0.01134604
-0.1769915
-0.2844125
0.2212775
0.1586914
0.001464009
-0.03232992
0.06505644
-0.03260452
-0.3182064
0.2773364
-0.03870445
0.0724985
0.05456448
0.04822052
-0.0001220107
-0.0698145
-0.3696296
-0.3866789
0.611769
0.1546655
-0.02833444
0.01454842
0.07335252
-0.07664651
-0.2670885
-0.5572349
0.6016734
0.2062715
0.108885
-0.0487085
0.001464009
-0.156221
-0.189344
-0.138165
0.435052
-0.04212046
0.05541849
0.04273051
-0.008936524
-0.4220895
-0.222528
0.4037894
0.227896
0.0249185
-0.06447697
0.08570498
-0.122915
-0.3356829
-0.225334
0.550769
0.156831
-0.03501397
-0.05676055
-0.006587982
-0.07765305
-0.3308944
-0.210206
0.5037685
0.134383
0.05236846
-0.0249185
0.06947899
-0.122671
-0.2862425
-0.567605
0.7420346
0.09567845
-0.01415199
0.0183
0.03748453
-0.1705255
0.1334069
-0.4248954
0.2718465
0.08311248
0.07140052
0.102175
-0.04273051
-0.159637
-0.1237995
-0.5158465
0.7090945
-0.02796847
0.03907049
0.006953955
0.04224253
-0.114985
0.3326331
-0.5545511
0.1151071
0.1695495
0.07920849
0.02943248
0.03638649
-0.223016
-0.1427095
-0.2410721
0.3981775
0.02745003
-0.01878798
0.06176251
-0.0009760261
-0.234606
-0.244366
0.3202806
0.1102269
0.08899903
-0.01341999
0.03843004
-0.06347054
-0.145241
-0.06533098
-0.06810653
0.349835
-0.03245199
-0.07740897
0.07997102
-0.09326905
-0.05773646
-0.006588042
0.08899897
-0.03358048
0.06786251
0.04004651
-0.009150028
0.026474
-0.153415
0.006466031
-0.2800205
0.4300195
-0.08274651
0.02232599
-0.02866995
0.06774044
-0.05761451
-0.05053848
-0.05444247
0.116327
-0.05798054
0.121573
0.04822046
-0.00304997
-0.09851497
-0.1752835
-0.4516441
0.5915475
0.06347048
-0.09412295
0.09314698
-0.01378608
-0.1208715
-0.01439595
-0.1833355
0.1846775
0.107177
0.0751825
-0.01976401
0.02134997
-0.116205
0.0269925
-0.4515221
0.3810976
0.122915
-0.07936102
0.04931849
0.04565853
-0.129625
0.3133265
-0.4489601
0.1301435
0.09092057
0.05615044
0.0001220107
0.009028018
-0.2920984
-0.1187671
-0.03745401
0.3022245
0.04163253
-0.01186448
0.1510055
0.01622599
-0.1696715
0.01198649
-0.1497855
0.212402
-0.1474674
0.1213289
0.1434415
-0.02894449
-0.03660005
-0.22021
-0.762439
0.7486225
0.2522045
-0.03955853
0.02687055
-0.008570492
-0.08604056
-0.3936635
-0.491416
0.835273
-0.03269595
0.1884595
0.02671796
-0.019642
-0.08802295
-0.2812405
-0.496174
0.6769779
0.154269
-0.02940196
0.02317995
0.103151
-0.2751405
-0.1259649
-0.4498141
0.5099906
-0.07457256
0.3053965
0.09326905
-0.07399303
0.0528565
-0.596153
-0.104249
0.5264605
0.1114471
-0.01598203
-0.01549399
-0.0002440214
-0.008296013
-0.1765035
-0.4836385
0.4966925
0.1860195
-0.03455651
0.02150249
0.07469451
-0.06822854
-0.1567394
-0.4095235
0.4059855
0.2321661
-0.04407257
-0.07957447
0.01268798
-0.06883842
-0.208254
-0.46543
0.539667
0.1962675
0.111447
-0.05663848
0.02574205
-0.05834657
-0.3324805
-0.1584475
0.4098895
0.07615858
-0.0656665
0.09912497
0.0004879832
0.01634806
-0.215086
-0.5653786
0.6300996
0.1414589
-0.04675645
0.1329495
-0.03968054
-0.2497339
-0.206424
-0.02379
0.5258505
-0.202154
0.08204502
0.05114853
-0.07460302
-0.1941935
-0.7116565
0.7206845
0.24217
0.0439505
-0.07481652
0.09226251
-0.1776015
-0.140483
-0.085949
0.2389981
0.1666215
-0.09848452
0.01049203
-0.04114455
-0.3714289
-0.03541052
0.237656
0.05798042
0.1782116
-0.038674
0.118035
-0.08619303
-0.666486
0.103639
0.448594
0.327509
-0.244488
0.04404193
0.01259655
-0.178364
-0.3138145
0.2370459
0.009515941
0.1699156
0.1654015
-0.09912497
0.08851099
-0.44164
-0.01378608
0.1409711
0.219112
0.04102254
-0.116083
0.1484435
-0.1362435
-0.2093521
-0.3327245
0.3311385
0.41175
-0.1440515
0.015616
-0.01756799
-0.212402
0.06103051
-0.3124725
0.139995
0.332267
-0.1727215
0.102785
0.0616405
-0.100101
0.06569695
-0.3636515
0.3399531
-0.07676852
0.05029446
0.09018856
0.118889
-0.262422
-0.0262605
-0.481168
0.5106005
0.104371
-0.114497
0.140239
-0.04907453
-0.03550202
-0.3064029
0.3619434
-0.18361
0.18361
0.09201849
-0.113277
-0.0452925
-0.2126155
-0.224358
0.155489
0.2931051
0.02415597
-0.04761046
0.07899499
-0.0001220107
-0.4077241
-0.3227205
0.5329266
0.2105721
-0.001830041
0.105469
-0.08838898
0.03162849
-0.2413465
-0.6502295
0.809653
0.07554847
-0.1026325
0.07786649
0.02562004
-0.4394135
0.23668
-0.200934
0.3525495
-0.110837
0.1756495
-0.02138048
-0.0507825
-0.478362
-0.2562001
0.7918105
-0.135603
0.02183795
0.04785454
-0.02196002
-0.105835
0.02013004
-0.2892925
0.2844124
-0.04306597
0.233874
0.145363
-0.09482449
-0.2489105
0.108519
0.0229665
-0.186782
0.349347
-0.158905
0.02525401
0.03065252
-0.3466935
-0.1054386
0.4305076
-0.213378
0.185684
0.03635597
-0.0004880428
0.02333254
-0.542473
0.06225049
0.304573
0.252174
-0.21228
0.07545704
0.06786251
-0.008783996
-0.07582301
-0.7040619
0.8072129
-0.09555644
0.05749249
0.037332
-0.105713
-0.04013801
-0.2680644
-0.3114051
0.64111
0.02366799
-0.113399
0.104981
0.06530046
-0.09607494
0.1151069
-0.712114
0.464454
0.06871653
0.118645
-0.0004879832
0.05920047
-0.3363845
0.1904116
-0.2518385
0.4801005
-0.2695285
0.08363098
0.03098804
0.07530451
-0.48129
0.1464915
0.2963685
-0.09070694
0.09509897
0.09827095
-0.02467448
-0.09997898
-0.3274785
0.03367198
0.1927601
0.07152247
-0.08619297
0.1900759
0.02147204
-0.093391
-0.3145465
-0.1564956
0.7354466
-0.47519
0.09653252
0.328851
-0.140849
-0.094733
-0.4809241
-0.1144969
0.5199945
0.1996835
-0.115839
0.0256505
0.01146799
-0.1664995
0.102541
-0.112667
-0.03223848
0.1686954
0.08350903
-0.118279
0.118645
-0.317749
0.239852
-0.455182
0.5266131
-0.1413675
0.05505246
0.07920849
-0.1005585
-0.2845345
-0.7089723
1.001803
-0.03272647
-0.102663
0.212768
-0.03184199
-0.087901
-0.1496635
-0.340441
0.538325
0.0650565
-0.238144
0.07152247
0.04321855
-0.2613545
0.04870844
0.2339961
0.02882248
0.0460245
0.05209398
-0.03355002
-0.04224247
-0.3150345
-0.419314
0.6451361
0.1033645
-0.04245603
0.01988608
-0.03443456
-0.4034235
-0.3029565
0.579317
0.241194
-0.1423131
0.01720202
0.09424502
-0.1110809
-0.1921195
-0.4882746
0.7635065
-0.01549399
-0.1591795
0.214964
-0.06322646
-0.2706265
-0.08164847
0.147193
0.220942
-0.125843
0.116205
0.05432045
-0.123647
-0.449082
-0.0006099939
0.442006
0.232776
-0.2418039
-0.05297852
0.274134
-0.3169865
0.07164454
-0.09570909
0.190442
-0.0487085
0.07786649
0.04285252
-0.02476597
-0.452864
0.07066846
0.208742
0.1998056
-0.07530451
0.03879601
0.005520463
-0.0561505
-0.3040849
-0.4534742
0.6897881
-0.02501005
0.140361
-0.04391998
0.0901885
-0.137189
-0.122915
-0.4686326
0.653798
-0.08375305
0.115229
0.01308459
-0.03797251
-0.47092
-0.1582036
0.322019
0.2923425
-0.0249185
0.1601555
-0.08213645
-0.04992849
-0.2595246
-0.2343619
0.420412
0.1023884
0.07326096
-0.05175847
0.02269202
-0.08030653
-0.1551535
-0.4853466
0.455426
0.2351245
-0.07862902
0.105225
0.04285252
-0.1551535
-0.1691836
-0.4191615
0.6716101
-0.007472515
-0.027816
-0.021716
0.03501397
-0.3096665
0.154269
-0.07176644
0.2163059
0.010858
0.08265501
0.03159797
-0.07249844
-0.68137
0.08960903
0.458354
0.24705
-0.1702815
0.08689451
0.01113248
-0.4301719
0.09924692
0.114131
0.1987075
-0.02952397
-0.02821255
0.1553975
-0.04565847
-0.240706
-0.03138453
-0.1794314
0.2814844
0.009882033
0.02992052
0.0473665
-0.0277245
-0.5828549
0.361791
0.05517441
0.2950265
-0.128527
-0.09006649
0.137189
-0.472506
0.111935
0.249368
0.119743
-0.0724985
0.05127048
-0.02516246
-0.2742561
0.01573807
-0.5085266
0.6166795
0.1348709
0.09729499
-0.07936096
-0.02379
-0.232898
-0.214964
0.1325835
0.4417315
-0.148901
-0.116693
0.143167
-0.04675651
-0.1655235
-0.157807
0.1584169
0.1666216
0.1307535
-0.05968851
-0.01759845
-0.06042057
-0.2864864
-0.3028345
0.689178
-0.03114051
-0.1359689
0.1381649
-0.01134598
-0.259738
-0.2492765
0.44225
-0.08982247
0.2883165
-0.102541
0.03306198
-0.04785448
-0.5907851
0.121451
0.445788
-0.01647002
-0.100467
0.1941935
-0.00158602
-0.0724985
0.121695
-0.794525
0.568947
0.0121085
0.129503
-0.02699256
0.0009760261
-0.06578851
-0.110715
-0.5428085
0.675392
-0.0134505
0.02577251
-0.001341999
0.01341999
-0.06932652
-0.05432045
-0.5263385
0.6580375
-0.106201
0.1695495
-0.05968851
0.02577245
-0.05517447
-0.3584055
-0.06029844
0.3623095
0.112911
-0.05163652
0.06469047
0.00622201
-0.08274651
-0.04480451
-0.6102135
0.6539201
-0.07460302
0.1662555
0.0446825
-0.05236846
0.005734026
-0.3918336
0.02833462
0.237168
0.09863704
-0.09107304
0.09570903
0.07018048
-0.105225
-0.2991745
-0.1253549
0.2102975
0.223992
0.06188452
-0.04733604
0.07579249
-0.04419446
-0.232654
0.01341999
0.119133
0.03223848
-0.009638011
0.05261248
-0.01137644
-0.01171201
-0.3025905
-0.671
0.780495
0.135237
0.0310185
0.03818601
-0.03074402
0.04553652
-0.230946
-0.04431647
-0.0863151
0.5091366
-0.248392
0.01037002
0.08387494
0.01939803
-0.311039
-0.374357
0.327875
0.232166
0.07274252
0.1505175
-0.08058101
-0.08921248
-0.184342
-0.148901
0.2759945
0.1021445
-0.02525401
0.03162855
0.01598197
-0.1402695
-0.3861911
0.0920186
0.3023769
0.08750445
-0.1796754
0.2835584
-0.0002439618
-0.1722335
-0.3569111
-0.1908079
0.6830781
0.04602444
-0.1691835
0.08814502
-0.03711849
-0.016348
-0.2723345
-0.590907
0.724192
0.09644091
0.05810255
0.107299
-0.07655501
-0.1741855
-0.07432854
-0.331901
0.532225
0.08848053
-0.139507
0.139263
-0.04248649
-0.032574
-0.336049
-0.341417
0.6169234
-0.06005442
0.2099314
-0.01842195
-0.008661985
-0.005978048
-0.203496
-0.589321
0.7333725
0.05017251
-0.122305
0.117059
0.01866603
-0.07750046
-0.1364875
-0.6529135
0.6623075
-0.02232599
0.131089
0.125111
-0.02757198
-0.119011
-0.323239
-0.1415809
0.3720389
0.22143
-0.1428009
0.1428009
-0.02696198
-0.1296555
-0.120353
-0.4069614
0.563213
-0.08299047
0.2002934
-0.05090445
0.03309244
-0.09497696
-0.258518
-0.230214
0.4441714
0.1550316
-0.05590653
-0.02574199
0.1032425
-0.117913
-0.274012
-0.4940084
0.7355685
-0.03809452
0.1858975
-0.00622201
-0.007686019
-0.1497855
-0.1652489
-0.44835
0.680028
0.05737054
-0.1256295
0.1236776
0.04379797
-0.254736
-0.01403004
-0.3073789
0.336903
0.08143502
0.08982247
0.05785853
-0.05127054
-0.132187
-0.105835
-0.06761849
0.4036675
-0.247538
0.127673
0.01854408
0.008417964
-0.264374
-0.06652051
0.2586401
0.001097977
0.01268798
0.1230675
-0.04761046
-0.02589452
-0.25376
-0.3746316
0.5131626
0.1796755
-0.08421046
-0.009028077
0.01586002
-0.06969249
-0.2778245
-0.336659
0.673562
-0.09278101
0.0589565
0.05224645
0.02943254
-0.05773652
-0.3914675
-0.06212854
0.4195275
0.007198036
0.04968446
0.05102652
0.05090445
-0.107421
-0.05712646
-0.6127756
0.5451571
0.03598988
0.108763
0.02955449
0.01268804
-0.05798054
-0.04785448
-0.147437
0.06151849
0.1749175
-0.07557899
0.114985
0.00146395
-0.278038
-0.2486665
0.4312699
-0.1021749
0.1622295
-0.01854402
0.06383651
-0.01942849
-0.249368
0.002318025
0.09192699
0.06749648
0.07640249
-0.101199
0.120353
-0.0833565
-0.3967135
-0.1718675
0.3438569
0.106933
0.06164056
0.139141
-0.029158
-0.05968851
-0.461282
-0.06737447
0.3991535
0.1680855
-0.01235247
0.02613848
0.04151052
-0.07155305
-0.2869744
-0.3940296
0.5303951
-0.001097977
0.133163
0.08225846
0.03480053
-0.102785
-0.2547361
-0.238632
0.08713853
0.540155
-0.073017
0.008540034
-0.001708031
0.01808649
-0.5457669
-0.2678205
0.5841054
0.010858
0.1824816
-0.02232605
0.03074402
-0.001464009
-0.5345125
0.0494405
0.02293599
0.465674
-0.05493051
-0.001464009
0.06883848
0.01076657
-0.4052535
-0.105469
0.2933185
-0.03943652
0.05444252
0.222162
-0.01598203
0.03013396
-0.119743
-0.379603
-0.227774
0.5415885
-0.04236454
0.04004651
0.087901
0.08970046
-0.1131549
-0.226676
-0.557601
0.5838615
0.144143
0.135969
-0.04904401
0.03989404
0.05358851
-0.1728435
0.02284449
-0.296765
0.2614765
0.0534665
0.02354604
0.00622195
0.07399303
-0.1705255
0.329339
-0.9654164
0.4679919
0.143167
0.1363655
-0.0008539557
0.04870844
-0.1471015
-0.2165501
-0.1282829
0.2957585
0.1525915
-0.09997904
0.1442956
-0.02833456
-0.124623
0.08189249
-0.4147695
0.4232181
-0.1370975
0.1535674
0.02586401
0.06334853
-0.1049505
-0.1580815
-0.3554469
0.3587409
0.109739
0.06286049
0.02976805
0.08448493
-0.3736555
0.117669
-0.3950055
0.3399529
0.1585695
0.19459
-0.1322175
-0.144265
0.22509
-0.314943
-0.124501
0.2969785
-0.06725252
0.131089
-0.02513194
-0.0243085
-0.0548085
0.01101047
-0.22082
0.08286846
0.24156
-0.09677649
0.1983415
-0.07298654
-0.231312
-0.1577156
-0.02525389
0.2623
0.07484698
0.04111403
0.02345449
-0.03309256
-0.02073997
-0.1691835
-0.699182
0.804773
0.08750451
-0.09397048
0.07420647
0.06517851
-0.08628452
-0.4686326
-0.08177042
0.5212145
0.1555195
-0.114985
-0.05358845
0.127917
-0.09473306
-0.03611195
-0.6170455
0.4705539
0.1800415
-0.03330594
0.09616643
0.03431255
0.01024801
-0.345687
-0.124135
0.2392421
0.2479039
-0.04404199
-0.03894848
0.004148006
0.009637952
-0.370087
-0.1563735
0.432856
-0.111203
0.1751615
-0.04858649
0.138287
-0.150975
-0.4122381
0.07277298
0.2822166
0.1812615
-0.03443456
-0.04269993
0.008783996
0.0487085
-0.1328276
-0.4806799
0.255834
0.2139879
0.05785853
0.1704035
-0.1739415
0.03797251
-0.3900035
-0.02138054
0.3790235
0.01244402
-0.01183397
0.01012594
0.08643705
-0.102907
-0.122305
-0.3992755
0.4222115
0.1339256
0.06249446
-0.0304085
-0.01707995
-0.03272659
-0.3410509
0.107665
0.02418649
0.27206
0.04309648
-0.1811395
0.144631
-0.135725
0.02098399
-0.2171295
0.02488804
0.22021
0.0507825
-0.01244402
0.02549803
-0.204594
-0.133041
-0.0399245
0.091317
0.2167941
0.05310047
-0.03358048
0.115595
-0.4108655
-0.1873615
0.489952
-0.02598602
-0.05676049
0.219478
-0.088633
-0.04285246
-0.468968
0.2293599
0.3297051
0.01037002
-0.112545
0.03663051
0.05932248
-0.07140046
-0.458964
-0.2413465
0.6307095
-0.2297261
0.4108961
-0.07252902
0.06261653
-0.2027335
-0.221186
-0.1917535
0.3335785
0.2784345
-0.133163
-0.0433405
0.1308755
0.00317204
-0.1296555
-0.4145254
0.4686019
-0.1055909
0.213866
-0.07896453
0.112423
-0.0656665
-0.224602
-0.2885606
0.3289426
0.01967251
0.119377
-0.0555405
0.1711355
-0.1768695
-0.02760249
-0.1932175
0.0867725
-0.05920053
0.316529
-0.04382855
0.02025199
-0.140117
-0.5191405
-0.0192759
0.5615965
0.1341695
-0.111081
0.03550196
-0.02976799
-0.112789
-0.05785847
-0.2048379
0.1148629
0.188734
0.132919
0.020374
0.01040047
0.006710052
-0.208376
-0.3103985
0.367525
0.01134598
0.005002022
-0.135603
0.1617414
0.02793801
0.03419054
-0.08692503
-0.24095
0.01744604
0.23058
0.03907055
-0.04114455
0.1516155
-0.134993
-0.4311481
0.129869
0.1322175
0.3993976
-0.08326501
-0.07213253
0.0296765
-0.02174646
-0.3001505
-0.09509903
0.2866085
0.0663985
0.01223052
-0.04773247
0.098149
0.06432444
-0.4090659
-0.3990011
0.6452276
0.07676846
-0.02500993
-0.0277245
0.07127845
-0.126087
-0.2644961
0.005002022
0.23607
0.02074003
0.100101
-0.04212052
0.03394651
-0.242902
0.1005585
0.07960498
0.05846852
-0.0008540154
0.01512802
0.125721
-0.220454
0.02186847
-0.4460319
0.3090565
0.1270935
0.122671
-0.09936899
0.105347
-0.121329
-0.226432
-0.3631635
0.537105
0.1751615
0.01622599
-0.04578048
-0.01512802
-0.08726048
0.122183
-0.7377645
0.5292665
0.126087
0.1523476
-0.1341391
-0.01637852
-0.05480844
-0.1980975
-0.3215311
0.5510131
0.06456846
-0.08335644
0.07676846
0.1030291
-0.190686
-0.2156655
-0.418704
0.661484
-0.1301131
0.1376771
0.0405345
-0.0357765
0.03077447
-0.2849005
-0.1575935
0.23241
0.2519301
-0.09433651
-0.01088852
0.100711
-0.005002022
-0.2701384
-0.375943
0.4996205
-0.05090451
0.07164448
0.05639452
0.01146799
-0.120231
-0.05432051
-0.43493
0.4813206
0.2985644
-0.243878
0.0602985
0.01024801
-0.1713795
0.05285656
-0.110837
0.2615985
-0.09424496
0.1908995
-0.05968851
-0.08055049
-0.560529
0.216794
0.222894
0.3062505
-0.1868735
-0.001341999
0.02989
0.1625955
-0.1536895
-0.73993
0.5594006
0.1749175
-0.03293997
0.04065651
0.07091248
-0.107299
-0.05920053
-0.1555195
0.1772355
-0.02964604
0.06237251
0.07445055
0.02232593
-0.2094434
0.08482051
-0.357277
0.2294819
0.114619
0.1640595
-0.08912098
0.107299
-0.2085896
-0.202032
0.05834651
0.244122
-0.02891403
0.04370654
0.1006805
-0.08323449
-0.339831
0.336537
-0.2996625
0.023058
0.3064945
0.03114051
-0.05505252
0.01268804
-0.3900036
0.02394259
0.06164044
0.3060065
0.02138054
-0.0452925
0.012932
0.04626846
-0.341051
-0.3460529
0.3613029
0.1497855
0.004148006
0.104859
-0.01137656
0.06435508
-0.306403
-0.06517845
0.1550314
0.1614975
-0.072285
0.02809048
-0.01317602
0.06212854
-0.185562
-0.508862
0.480924
0.0846985
0.1412455
-0.04504853
0.06737447
-0.007563949
-0.1838235
-0.03333652
-0.2002934
0.4355399
-0.1247755
-0.01659197
0.09156096
-0.01869649
-0.25864
-0.103395
0.235216
0.01280999
0.1507615
0.02903599
-0.07603651
0.0249185
-0.01723248
-0.08177048
-0.6412016
0.5883451
0.235582
-0.0826245
0.020374
-0.08225852
-0.03358048
-0.1479555
-0.2745
0.5805369
-0.2842904
0.269498
-0.03428203
0.06054246
-0.118767
-0.2955145
-0.2728225
0.4252615
0.2441525
-0.02821243
-0.122671
0.09814894
-0.04297447
-0.1694275
-0.543205
0.5748029
0.01808649
0.1381651
-0.006099999
0.04700047
0.03675252
-0.2963991
-0.623237
0.8906915
0.06725252
-0.2464401
0.06944853
0.103639
-0.09790498
-0.257786
-0.2027639
0.2780684
0.1938275
0.00674051
0.1029984
0.1010771
-0.218258
-0.4123294
-0.06395864
0.3186031
0.256444
-0.06420249
0.01598197
0.08363104
-0.09790504
-0.229604
-0.705404
0.7564304
0.07689059
0.1861414
-0.03586793
0.007929921
-0.1844335
-0.2562305
-0.2978326
0.7278826
0.04480451
-0.1623515
0.03574604
0.07362705
-0.02845657
-0.1837015
-0.1174249
0.1639374
0.09677649
0.112545
-0.01866603
0.01854402
-0.2996625
0.1518595
-0.47092
0.4429515
0.100833
-0.0494405
0.1494195
-0.0385825
-0.3990314
-0.2981986
0.2817285
0.338245
0.01183403
0.08924299
-0.02150255
-0.01634794
-0.2840465
-0.4453
0.457378
0.3719475
-0.1277035
-0.08628452
0.116205
-0.106079
-0.1573495
-0.4338015
0.6551095
-0.2022455
0.25071
0.07091254
-0.05566251
-0.160735
-0.2531805
-0.130235
0.360327
0.128161
-0.09311646
0.129137
-0.01756799
-0.21716
-0.422364
0.4771724
0.0888465
0.07667702
0.02281398
0.01610398
-0.05639446
-0.258396
-0.2945386
0.377895
0.316529
-0.245708
-0.01674449
0.1589355
-0.137921
-0.121939
-0.435052
0.715652
-0.236314
0.210084
0.0568825
-0.020374
-0.2722125
0.2063935
-0.51301
0.514474
-0.06615448
0.009149969
0.06569701
-0.03004253
-0.5691909
0.1846775
0.3723134
0.06652051
-0.001951993
0.04346251
0.05907845
-0.343491
0.105347
-0.121573
0.1957795
-0.04236454
0.114741
0.1336815
-0.304573
-0.3896375
0.07716501
0.3445891
0.09665447
0.0426085
-0.000731945
-0.01756805
-0.21838
-0.236802
0.3975676
0.1090069
-0.0738405
0.009516001
0.002683997
0.003903985
-0.306769
-0.2049295
0.469822
-0.133407
0.1710134
0.02049607
0.06408048
-0.06200647
-0.3025905
-0.44225
0.7371545
-0.087291
0.007228494
0.04355401
0.102907
-0.233996
0.01000398
-0.3283629
0.3588934
-0.115717
0.371185
-0.06871647
0.0650565
-0.1949255
-0.1394155
-0.479826
0.6580375
0.009546459
-0.1431975
0.209962
0.09275055
-0.4203815
-0.6464475
0.683322
0.07408446
0.1738195
0.07640249
0.02613848
-0.02992052
-0.5142605
-0.1929735
0.44225
0.260104
-0.119865
0.02662653
0.05846846
-0.09387898
-0.2669665
-0.248758
0.479216
-0.131577
0.09070694
0.3038106
-0.1096171
-0.363377
0.01964211
-0.1783335
0.567605
-0.1380735
-0.07079053
0.1231591
0.001829982
-0.5292665
0.1406355
0.1738195
0.2049295
-0.05127054
0.07618904
-0.03528851
-0.0008540154
-0.339831
-0.347029
0.7262965
-0.180926
0.1614975
-0.009882033
-0.137189
-0.04260844
-0.5157246
0.4986446
0.09799647
-0.07579249
0.2807525
-0.1621075
-0.0009760261
-0.225822
-0.06481248
0.09875894
0.3236965
-0.1924855
0.03467858
0.1025105
-0.07676846
-0.09436703
-0.5687945
0.4205035
0.09583104
0.1804075
0.022448
-0.01939797
-0.06359255
-0.4065955
-0.01149857
0.3698736
0.1733315
-0.211426
0.03089648
0.120231
-0.215574
-0.255956
0.06334853
0.4061075
-0.1669875
0.2032215
-0.008051991
-0.09006649
-0.320311
-0.436028
0.7148284
0.114741
-0.2294821
0.1144971
0.03199446
-0.304695
-0.1205969
0.02540636
0.2765741
0.1794315
0.006496489
0.07347447
0.04614651
-0.3542269
-0.43859
0.5176765
0.239364
-0.1899235
-0.07091248
0.1407269
-0.02244794
-0.1745515
-0.3503535
0.4354181
0.04175448
0.135359
-0.01390803
-0.04114449
-0.07957453
-0.1468574
-0.02696204
0.254004
0.118035
-0.366427
0.254248
-0.01049197
-0.2674546
-0.2919765
0.2125241
0.317749
0.07603645
-0.135847
0.118889
-0.208254
-0.121939
-0.212036
0.450058
0.0785985
-0.156465
0.254736
-0.127185
-0.477752
-0.06130505
0.2731886
0.3037189
-0.1674755
0.148291
0.100223
-0.125843
-0.1205969
-0.5468651
0.7328846
0.03748447
-0.190198
-0.03745395
0.1008025
-0.154513
0.1067805
0.006496429
-0.1793399
0.217648
0.1411235
0.02720606
-0.1934615
-0.2160619
-0.2050821
0.444568
0.1921499
-0.2423224
0.116571
-0.002928019
-0.130357
-0.3780475
0.03358042
0.5993556
-0.2648925
0.006100059
0.06420249
0.1966639
-0.09997892
-0.190076
-0.6569396
0.8638515
-0.08713853
-0.09753895
0.216184
-0.05456448
-0.3913456
-0.2225279
0.3084464
0.2690405
-0.02159399
0.08750451
-0.07774454
-0.009028018
-0.2678205
-0.2914885
0.6498635
0.05358851
-0.2944165
0.1433195
-0.01284051
-0.00463599
-0.2655941
0.1504871
0.1308755
-0.116937
0.2121274
-0.015616
0.05712652
-0.2791665
-0.1701595
0.009637952
0.342881
-0.004026055
0.06017655
-0.1654015
-0.012932
0.131699
-0.7854664
0.5687029
0.3460531
-0.03589851
-0.1293811
0.134505
0.03882647
-0.23485
-0.8648275
0.9345199
0.136945
-0.09775245
0.003903925
-0.01833045
-0.04623801
-0.2563525
-0.145485
0.348371
0.02866995
0.0643245
-0.06883848
0.1735755
-0.2790444
-0.118889
-0.120963
0.5171885
-0.207156
-0.07103449
0.01955044
0.1700375
-0.3854895
0.4079375
-0.2992964
0.2382659
-0.06969249
0.1869955
-0.07615846
0.006099939
-0.235826
-0.21411
0.2728225
0.1746735
-0.06984502
-0.03928399
0.1689395
-0.1268495
-0.367525
0.1063231
0.08799243
0.105713
0.1763815
0.04285246
-0.0663985
0.135115
-0.4405115
-0.6133855
0.812093
0.114253
0.01366401
-0.01805604
0.07152253
0.114497
-0.594567
-0.456524
0.700768
-0.003659964
0.1755275
0.01866597
-0.02708393
-0.1170591
-0.3787795
-0.2383879
0.5270705
0.1284355
0.03306198
0.001951993
0.07237649
-0.125477
-0.1679635
-0.4593301
0.5629691
-0.05737048
0.2328979
0.03236055
-0.007076025
-0.0007320046
-0.45872
-0.315431
0.6050895
0.159881
-0.25986
0.2185019
0.03623402
-0.07859844
-0.362035
-0.570899
0.840397
-0.036722
0.1793095
-0.01012599
0.134383
-0.098759
-0.339953
-0.5553745
0.6699935
0.1247755
-0.07875097
0.06554449
0.1417335
-0.1688175
-0.133285
-0.3704835
0.5295105
-0.2056615
0.216428
0.1076345
0.04443848
-0.05529648
-0.2112736
-0.7129984
0.8438435
0.07542646
-0.09680694
0.08082497
0.04858649
-0.04456049
-0.1811395
-0.6796619
0.8684875
-0.2651365
0.2759945
0.07533497
-0.05602849
-0.004392028
-0.05127048
-0.07069898
-0.246318
0.359351
-0.157563
0.02427804
0.06920451
0.1054689
-0.226066
-0.2730664
0.2596464
0.244366
-0.132919
0.03696609
0.09680694
-0.01647002
-0.2482699
-0.2483006
0.5095025
-0.03074396
-0.1237995
0.05005044
0.05188054
0.04992849
-0.249124
-0.4946185
0.459574
-0.002806008
0.226798
0.06188452
0.02577251
-0.01162052
-0.2879505
-0.8649493
0.9661484
0.1706475
-0.03086597
-0.068259
0.07618892
-0.05468643
-0.1804075
-0.553453
0.346175
0.4106215
-0.05285645
0.08021498
0.07823253
-0.1695495
-0.1436855
-0.5932251
0.6285135
0.0405345
0.1722335
-0.03955853
-0.0001219511
-0.238144
0.0799405
-0.08396655
0.2032216
-0.243268
0.340075
0.02260047
0.01195604
-0.340197
-0.1505175
0.339831
0.118279
-0.220576
0.06652057
0.02760249
-0.05615056
-0.1941934
-0.1003451
0.007320046
0.3786575
-0.1187975
0.196298
-0.003415942
-0.207278
-0.108641
-0.05078256
0.337025
-0.029158
-0.113277
0.02549803
0.01796448
-0.3806095
-0.2786784
0.6475455
-0.113521
0.2473245
-0.03455651
-0.005490005
-0.4637221
0.244122
-0.1055909
0.2911225
-0.04648203
-0.01369447
0.07057697
-0.01735449
-0.4208695
-0.1082751
0.3906135
-0.013542
0.235948
-0.08082503
0.09302503
-0.1444175
-0.245342
-0.493124
0.7793665
-0.03818601
0.07371849
-0.1745515
0.154025
-0.2841685
0.3680435
-0.3701175
0.2357345
-0.05724847
0.164517
-0.0616405
0.1301435
-0.4052536
0.03452605
0.124867
0.1506395
-0.09009701
-0.02037394
0.1325529
-0.02915794
-0.4881524
0.109373
0.124745
0.06066447
-0.01744598
0.2590365
-0.04334056
-0.03968048
-0.02013004
-0.2700164
0.0510264
0.2850225
-0.101809
0.03614253
-0.04126656
-0.04492646
-0.1404831
-0.139019
0.1526831
0.1411234
0.154513
0.002196014
0.08399701
-0.7276385
0.2711145
0.21533
0.268278
-0.118645
0.01991653
0.120475
-0.215574
-0.201422
-0.5093501
0.5735831
0.2418039
-0.104371
0.128527
-0.02928001
-0.1328275
0.06225049
-0.845277
0.729072
0.1704034
-0.1320649
0.1424655
-0.1358775
-0.345443
0.121817
-0.03574598
0.243024
0.0433405
0.117669
-0.0006099939
-0.07448101
-0.4108655
-0.479948
0.7455726
0.1862634
-0.06420249
-0.04224247
0.09351295
-0.009881973
-0.5417411
-0.4747019
0.6770999
0.2850225
0.007564008
-0.010858
0.01756799
-0.0602985
-0.366793
-0.4708285
0.8760821
0.161467
-0.248392
0.08094698
0.01744598
-0.2437559
-0.1756495
0.345687
0.05209404
-0.0003660321
0.08985305
-0.04956251
0.0717665
-0.03355002
-0.09290302
-0.3143024
0.4216015
-0.21472
0.108397
0.04846448
0.002439976
-0.4163555
-0.06871653
0.3302846
0.20252
-0.1529574
0.1279474
-0.0262605
0.04712254
-0.206302
-0.07701254
0.0910731
0.3725269
-0.2691625
0.05407643
0.03467858
-0.05456454
-0.1549095
-0.09592253
0.2143235
-0.1110809
0.2091079
-0.07567048
0.129991
-0.04541451
0.03931451
-0.551745
0.3857335
0.02293605
-0.05859053
0.1492975
-0.0399245
-0.357277
0.08457649
0.1680855
0.0002440214
0.100955
0.06322646
-0.005856037
0.07237655
-0.232044
-0.2743781
0.3106425
0.118767
-0.03062201
0.005002022
0.07798851
0.01195598
-0.384727
-0.4785144
0.4013494
0.3735335
-0.05395448
0.125965
-0.04907453
-0.02464402
-0.425536
-0.110227
0.4835165
0.006831944
-0.08228892
0.09924698
0.103761
-0.1508835
-0.4431955
0.1449969
0.1546656
0.2247239
-0.103517
0.1527135
0.0244
-0.144021
-0.1685735
-0.6598979
0.7397165
0.2002935
-0.166469
0.07945246
-0.008051991
-0.01305401
-0.2417125
-0.2850225
0.542961
-0.09997904
0.112789
0.06066447
0.07152253
-0.1718675
-0.116083
-0.477752
0.429684
0.133895
0.1218169
0.05322254
-0.03772849
-0.112545
-0.3317484
0.1056825
0.08143491
0.1374331
0.04687852
0.1238909
0.01964206
-0.2264015
-0.20618
-0.449448
0.675636
0.09631902
-0.1436855
0.08838898
0.07249844
-0.05041647
-0.227164
-0.346785
0.565653
-0.07899499
0.1569835
0.05444252
-0.121451
0.05810249
-0.342759
0.2753845
-0.2977105
0.2770925
-0.100955
0.1847995
-0.0473665
0.02662653
-0.003416002
-0.2846565
-0.2808744
0.5108445
-0.06740499
0.09375697
0.100711
0.05578452
-0.110959
-0.437614
-0.3548369
0.7382525
0.03577644
0.009028077
0.04294401
-0.05493057
0.003690541
-0.296399
-0.09946048
0.2995405
0.008296013
-0.04077852
0.1807735
-0.02940202
0.02208203
-0.06420249
-0.1804075
-0.2636725
0.458964
-0.03306198
-0.01158994
0.09506845
-0.001464009
-0.01927596
-0.1688175
0.05297846
-0.121085
0.142435
0.01491451
0.150243
-0.001219928
0.005367935
-0.06627649
-0.2748965
-0.5151145
0.6047235
0.1535676
-0.09961301
0.138043
0.01134604
-0.03635603
-0.1936139
0.209352
-0.134261
-0.02345455
0.09827095
0.1428316
-0.03772855
0.07554853
-0.003660023
-0.492758
0.3151565
-0.04443854
0.04212052
-0.07396245
0.1614975
0.01915401
-0.03894854
0.08546102
-0.4442021
0.1286491
0.08277702
0.160979
0.05102652
0.03211647
-0.123037
-0.4522539
0.3510549
-0.02159399
0.03965002
0.05371052
0.03528845
0.05590647
-0.002927959
-0.3757295
-0.122793
0.1215729
0.2923426
-0.02208203
0.1707695
-0.008296013
-0.04736644
-0.109739
-0.08692503
-0.1826035
0.2761165
0.07262045
-0.06347042
0.01784247
0.04733598
-0.127307
-0.130845
-0.4846145
0.343491
0.337025
-0.08323449
0.1729655
0.003782034
0.03199452
-0.2615985
-0.08741307
0.08985305
0.125111
-0.06054246
0.06713051
-0.008418024
0.03943652
-0.008661985
-0.2936845
-0.2485445
0.3818295
0.07396245
0.117791
0.02857852
0.01244402
-0.04504848
-0.3975675
-0.09116459
0.3354085
0.08363098
0.01927602
-0.05859047
0.1662555
0.01195604
0.03114045
-0.2450979
-0.331535
0.07676852
0.3632855
-0.02626055
0.1077871
0.007929981
-0.01122403
-0.1779675
-0.09278095
-0.2907565
0.339099
0.07396251
0.03406852
0.02476597
0.114741
0.06923497
-0.405162
-0.2957585
0.42761
-0.08424097
0.06713051
0.1097389
0.02845651
0.004025996
-0.04236454
-0.2579079
-0.4234621
0.6161916
-0.0351665
0.1207495
0.03428203
-0.031232
0.06530052
-0.01427406
-0.1685735
-0.1675975
0.08042854
0.103273
0.104859
0.04135799
0.003293991
0.01296252
-0.213622
-0.20618
0.1361215
0.2054175
-0.01244402
0.0006100535
0.06078649
-0.00317198
-0.1754055
0.07481652
-0.1047066
-0.08863294
0.3080805
-0.09482449
0.05737048
0.0928725
-0.03586799
-0.2712365
-0.360327
0.5057206
0.03684402
-0.06835055
0.08140451
0.05493051
-0.02549797
-0.06408054
-0.2436339
0.1151069
0.02988994
0.1358471
0.03711843
-0.015616
0.09714252
-0.146217
-0.206546
-0.346541
0.2795324
0.3992756
-0.235216
0.2316779
-0.03431249
0.02699256
-0.02577251
0.03114045
-0.4420059
0.2475684
0.06810653
0.06835049
0.01647002
0.03394651
-0.03223848
-0.3918335
0.2370765
-0.312015
0.2852665
0.1551535
-0.03894848
0.05785847
0.100467
-0.208254
-0.220576
-0.1974876
0.339709
0.105469
0.1491449
-0.115107
0.07265097
-0.04419446
-0.42456
-0.4738481
0.6873481
0.222528
-0.04748845
0.06578851
0.03626448
-0.05432051
-0.1988295
-0.1541775
0.227286
-0.106567
0.1937055
0.01662248
0.07030255
0.02659595
-0.1694275
-0.1076345
-0.1375855
0.2246019
0.02552855
0.033916
0.05200255
-0.0007320642
0.03309256
-0.183732
-0.3860691
0.3509331
0.02159393
0.119377
0.005368054
0.107421
-0.07713449
-0.360937
-0.08802307
0.3350731
0.109739
-0.06334853
0.07140052
0.015616
-0.0629825
-0.233752
-0.551623
0.6120434
-0.03724039
0.2633064
0.01183403
0.00780797
0.07594502
-0.1594235
-0.1808954
0.04184598
0.2797765
-0.1895575
0.04834247
0.123769
-0.03626448
-0.03501397
-0.124501
-0.5841056
0.5477191
0.05944443
-0.01756793
0.1756495
0.113765
-0.227042
-0.09156096
-0.579195
0.577609
0.22692
-0.1697935
0.06237257
0.08668095
-0.0643245
-0.3637735
-0.04050398
0.2379
-0.09241498
0.247416
0.06032896
0.008539975
0.07750052
-0.3094225
-0.209108
0.06103051
0.244
0.01000404
0.04980648
0.090707
0.0338245
-0.08058101
-0.03663045
-0.5635486
0.454694
0.112301
0.05380195
-0.03537995
0.0711565
-0.118279
-0.09265906
-0.5131624
0.565653
0.1419775
-0.122549
0.106567
-0.02272248
-0.135481
-0.07826298
-0.715042
0.780373
0.02134997
0.104371
-0.005490005
0.07396251
-0.1399035
-0.282186
-0.2868525
0.486292
0.09778297
-0.01415199
0.0989725
0.101077
-0.1785775
-0.131089
-0.2990829
0.306281
0.01415199
0.114009
-0.0521245
0.1749175
-0.123891
-0.246318
-0.2408584
0.4352959
0.003538013
-0.004148006
0.114985
0.02073997
-0.145729
0.118401
-0.8540915
0.7688745
0.08436298
-0.08326501
0.08009303
0.01415199
-0.03589851
-0.3391905
-0.1136429
0.462502
-0.02028257
-0.01000392
0.03358048
0.06151849
-0.2684305
0.02979845
-0.3736554
0.3287289
0.3138145
-0.01634794
0.02366799
-0.03269607
-0.07018042
-0.432002
-0.09729505
0.45994
0.1727215
-0.243756
0.0534665
0.1630835
-0.1718675
-0.1861415
-0.4272439
0.6349794
-0.07335252
0.2587925
-0.116083
0.05871248
-0.003660023
-0.4912026
-0.1010768
0.548695
0.08921248
-0.0907985
-0.004270017
0.02867001
-0.0765245
-0.2675765
0.03321451
0.129259
0.1784555
-0.07420653
0.08384448
0.06261653
-0.04026002
-0.4816865
0.04700053
0.108885
0.2486359
-0.02281398
0.08896852
-0.008661985
-0.02598602
-0.07066852
-0.07399297
-0.139263
0.1807734
0.003903985
0.224846
-0.1144969
0.04773247
-0.09534299
-0.330071
-0.1702815
0.204838
0.339343
-0.09827101
0.00793004
0.118889
-0.06188452
-0.01525003
-0.1619855
-0.01183397
-0.03943646
0.1696715
0.07887304
-0.04175454
0.120841
-0.1591795
-0.1838235
-0.480558
0.5317065
0.2719685
-0.2043499
0.1097389
-0.002074003
0.02232599
-0.0949465
-0.1450275
-0.02049595
0.1534454
-0.05371046
0.253028
-0.137067
0.114619
0.02281404
-0.3090565
-0.1267275
0.2551325
0.07091248
-0.06578851
-0.02586401
0.09885055
-0.01573801
-0.1462475
0.100833
-0.238144
0.125111
0.118767
0.09229302
-0.0277245
0.05724853
0.01357251
-0.2472025
-0.5877351
0.4916906
0.2696199
-0.03416002
0.03769803
-0.07908648
0.0277245
-0.1434416
0.05798054
-0.07225448
0.116083
-0.02333248
0.1235555
-0.04919648
0.012932
-0.09802705
-0.02122802
-0.2678204
0.3742654
-0.02821243
-0.0473665
0.09034097
-0.03724051
-0.06517845
0.221308
-0.6604775
0.3817989
0.1329495
-0.07130903
0.1580815
-0.007075965
0.03358054
-0.2242361
-0.556259
0.5020605
0.2068815
-0.05029452
0.001464009
-0.009027958
0.02870047
-0.313845
0.2236261
-0.1456071
0.144753
-0.01622599
0.233874
-0.02845651
0.005032539
-0.299083
-0.03586799
-0.1227931
0.3340666
0.01467049
-0.04834253
0.125355
-0.01317596
-0.04773253
-0.01586002
-0.2852665
0.1744295
0.034648
0.112179
0.0147925
0.038674
-0.140605
-0.2287499
-0.07289505
0.305549
0.0751825
-0.007441998
0.03370249
0.031232
-0.1680855
-0.446642
0.2564745
0.04480451
0.160491
0.02650446
-0.01695806
0.1666216
-0.04065651
-0.1786995
-0.2687965
0.04700041
0.3480051
-0.06395847
-0.05066049
0.1744295
-0.02809048
-0.051606
-0.2356126
-0.2849004
0.2422005
0.05456448
0.3221105
-0.08384448
0.03992444
0.04819006
-0.1507311
-0.2475684
0.04858649
0.1364875
0.127429
-0.004758
0.0555405
-0.00780797
-0.009180546
-0.2627881
-0.3005164
0.340807
0.129137
0.01976401
0.113643
-0.006466031
0.009516001
-0.03867394
-0.2404925
-0.1993175
0.3372689
-0.04968452
0.04712254
0.09238446
0.01223052
0.003293991
-0.1669875
0.2040756
-0.256322
0.03220797
0.01820856
0.128893
0
0.123525
-0.0846985
-0.2646485
-0.2230161
0.2666005
0.1795535
-0.04675651
-0.01476198
0.08640647
0.02028251
-0.080459
-0.02317995
-0.2589145
0.1273375
0.113887
0.134749
-0.07286453
0.119987
-0.09863698
-0.238266
-0.2744085
0.365329
0.108885
-0.00939399
0.100467
-0.02086198
0.06261647
-0.1608875
0.01817805
-0.1334071
0.05127054
0.01073593
0.1424351
-0.04489601
0.130723
-0.115839
-0.2586704
-0.3297966
0.510326
-0.05712652
0.1511275
-0.02622998
0.07628053
-0.02992058
-0.162321
-0.09424496
0.01878792
0.1514935
-0.03589851
0.1677195
-0.04968452
0.06237251
-0.26535
-0.228018
0.1741856
0.3094225
-0.1721115
0.087901
0.04761052
-0.07265103
-0.110837
-0.06322646
-0.230092
0.3706055
-0.1584476
0.05090451
0.05871254
0.08985299
0.045506
-0.09702051
0.01134604
-0.04712254
-0.1510054
0.1484435
-0.008539975
0.107055
0.008051991
0.00146395
-0.03931445
-0.134505
0.09985697
-0.08399707
0.008174062
0.01427394
0.05676055
0.07240695
0.05566251
0.005490065
-0.07753104
-0.228628
-0.1059265
0.06054246
0.24339
-0.002318025
0.05358851
0.114131
-0.078385
-0.03269601
0.09351295
-0.6601419
0.327143
0.153537
0.1514935
-0.01805598
0.06749648
-0.04431647
-0.3901255
-0.3050306
0.5098686
0.123647
0.007075965
-0.03501397
-0.01784253
0.1380735
-0.09387898
-0.137189
-0.552599
0.436394
0.07737845
0.1789435
0.06042057
0.08485097
-0.06042051
-0.2547665
-0.118889
-0.03724051
0.1341696
0.05200243
0.033306
0.128283
-0.03416002
0.01927602
-0.4191616
-0.4167215
0.739808
-0.057096
0.02635199
0.09278107
0.1696715
-0.003202498
-0.1978535
-0.2544919
-0.1616195
0.476166
-0.1721115
0.1532015
0.06920451
0.03049999
-0.09238446
-0.1460035
-0.5513485
0.358375
0.2176481
0.119133
0.08665049
0.0487085
-0.00158602
-0.2560779
-0.1477115
-0.001098037
0.235094
-0.05468649
0.06725252
0.05944443
0.05785853
-0.05075198
-0.3575515
-0.1504871
0.4234315
-0.1751615
0.2701386
-0.09900302
0.08875501
0.05087399
-0.03623396
-0.332755
-0.457744
0.7478904
0.03833854
0.007075965
-0.05456448
-0.016348
0.2020015
-0.3195485
0.1799195
-0.4684801
0.48434
-0.1907774
0.1767474
0.01744598
0.02430856
-0.03065252
-0.1499075
-0.3289425
0.371795
-0.02635199
0.09458047
-0.06066447
0.117669
0.01833051
-0.1157171
-0.1901979
-0.233264
0.2653805
0.01439607
0.1872394
0.01052248
0.06322652
0.03159803
-0.06883854
-0.127795
-0.4029354
0.2977104
0.1016871
0.06688643
0.0534665
-0.01967245
0.01552445
-0.313601
0.06054252
-0.04269999
0.1065365
0.1295335
0.05334449
-0.008448541
0.1103491
-0.155367
-0.06615454
-0.4523759
0.5242645
-0.0338245
-0.0548085
0.119621
0.002318025
-0.01403004
-0.2999065
-0.08082497
0.3770714
-0.143289
0.09848452
0.01012599
0.1608875
-0.02086198
-0.1403915
-0.265228
-0.2375339
0.5558625
-0.04379797
-0.1705256
0.243146
-0.0670085
0.04050404
-0.3787491
0.08872461
0.05261242
0.19276
-0.04456049
0.1580815
-0.03492248
-0.04309654
-0.110837
-0.0809164
0.09217101
0.06578845
-0.0154025
-0.01720202
0.02333254
0.06603247
-0.076433
0.01735449
-0.3529154
0.2618424
-0.141337
0.2963685
-0.0277245
0.05188048
-0.01476198
-0.132309
-0.05310047
-0.1024191
0.2137441
-0.02760249
0.06139642
0.06042051
-0.01195598
-0.131699
-0.2580606
-0.2101755
0.4676261
-0.1231591
0.2853885
-0.04883051
-0.0290665
0.04504853
-0.1855316
-0.1862941
0.09363508
0.2647705
-0.05310047
-0.02247852
0.05602849
-0.004880011
-0.124257
0.1193771
-0.1976095
0.04321855
0.03830796
0.123769
-0.0183
0.05541855
-0.1363351
-0.237168
0.279014
-0.06078649
0.02833444
0.03599006
0.07399297
0.02281398
-0.1754055
0.04065651
-0.2182579
0.1957794
-0.01732397
0.2537904
-0.1590575
0.08079451
0.02272248
-0.1601555
-0.5079165
0.6314415
-0.104859
0.01537204
0.1262395
-0.03711849
-0.09253699
-0.239974
-0.253028
0.2624221
0.1355115
0.09946048
0.1455155
-0.06188452
0.007686019
-0.03443456
-0.4378275
0.1771135
0.0772565
0.02662647
0.123037
0.09165251
-0.07664651
0.008174002
-0.2701384
-0.1319431
0.1369756
-0.008448541
0.2730665
0.06444645
0.03968054
0.01610398
-0.08579648
-0.129259
-0.3835375
0.2608359
0.184708
0.04026002
0.04297453
-0.01268804
-0.0003659725
-0.1014431
-0.03419048
-0.1782115
0.02833444
0.099491
0.2240835
-0.09031051
0.1098611
-0.003782034
-0.205204
-0.24095
0.117547
0.330315
-0.1352676
-0.008173943
0.07643294
-0.01308447
-0.008418024
-0.103029
-0.8394209
0.9558699
-0.2931965
0.345199
0.00304997
-0.04916602
0.04233402
-0.08677244
-0.001098037
-0.3699954
0.2605004
0.03452593
0.01369452
0.0812825
0.02345449
-0.0127185
-0.127673
-0.1585696
0.1769916
-0.03599
0.03550202
0.05627245
0.114253
-0.027206
-0.05541849
-0.05810249
-0.459696
0.44042
0.004514039
0.09628844
-0.01122397
0.07018054
0.101809
-0.5068185
-0.140605
0.3829275
-0.111813
0.2166415
0.04590249
-0.00622201
0.05322248
0.003782034
-0.340441
-0.1496634
0.185562
0.2206981
-0.06606299
0.02113646
0.05066049
0.03538001
-0.0826245
-0.07750046
-0.3061591
0.09814906
0.097417
0.3117405
-0.02586401
0.043432
-0.06871647
-0.1421911
0.02183807
-0.219722
0.1728436
0.1008329
0.03138453
-0.005886495
0.01040047
0.08652848
-0.1505175
-0.2166415
0.232654
-0.1367316
0.05883461
0.1580815
0.08765697
0.01769
-0.03504449
-0.1688175
-0.148535
-0.08289903
0.2662345
-0.138043
0.1887035
-0.0595665
0.05297852
-0.00622201
-0.1821156
-0.4082119
0.4943745
-0.1197429
0.1991954
0.1455155
-0.3088124
0.3363845
-0.117303
-0.1763815
-0.25803
0.1550315
0.08323455
0.1774794
-0.029158
-0.04370648
0.145363
-0.1965114
-0.6215596
0.7979411
-0.313967
0.2713585
-0.01951998
-0.007441998
0.143777
-0.133407
-0.3045425
-0.06261641
0.2185934
0.2182581
-0.2515641
0.05090451
0.1689395
0.032574
-0.02391201
-0.4328559
-0.2557122
0.5058426
-0.1553975
0.2849005
-0.0008540154
0.01268804
0.05188048
0.01073599
-0.3824395
-0.1806514
0.4847364
-0.07005847
0.03965002
0.1654015
-0.05578446
0.02857852
-0.1290455
-0.8371029
0.803431
-0.114253
0.150487
0.1514934
-0.02427799
-0.03955847
-0.104371
-0.1760156
-0.1406049
0.1891915
0.146827
-0.05981052
0.06337899
-0.03089648
-0.102297
-0.230824
0.308965
-0.03065246
0.111935
0.02683997
0.001097977
0.067527
-0.06456852
-0.2862424
-0.1629615
0.2566879
0.2554985
-0.1303875
-0.02757204
0.103639
-0.07069904
-0.04538399
-0.007197976
-0.2370764
0.04578036
0.1341696
0.1092204
0.05859047
-0.01878792
0.01158994
-0.03245199
-0.4238279
0.1744294
0.2213081
-0.0765245
0.007197976
0.05590653
0.005611956
0.07579249
-0.06347048
-0.04648203
-0.08143497
0.05810249
-0.02745003
0.127063
-0.01329798
0.03708798
-0.008661985
-0.251076
0.1672315
-0.186538
0.08509499
0.07420653
0.02687049
0.04700053
-0.05419856
0.02879202
-0.02976799
-0.2959111
0.2077661
0.01622593
0.06603253
0.07618898
0.0561505
0.01171201
-0.06761849
-0.1014431
-0.316895
0.2478126
0.031232
0.100589
-0.005367994
-0.01024801
-0.01720202
0.04562807
-0.3090566
-0.05920053
0.1646696
0.143167
-0.07262045
0.1783335
-0.05663848
0.06542253
-0.005246043
-0.239364
-0.478972
0.5214585
0.130235
0.0357765
-0.03480047
0.05383253
0.004757941
-0.09021896
-0.2376559
-0.3212566
0.4665281
-0.03016448
0.1616195
0.01122397
0.05846852
-0.004513979
-0.05773652
-0.127063
-0.2214299
0.3475169
-0.05883443
-0.03477007
0.03647804
0.0487085
-0.03306198
0.03696597
-0.3917115
-0.3319925
0.72895
-0.1815055
0.1762595
0.09241498
-0.07225442
0.08835846
-0.125477
-0.360083
-0.2767265
0.5337805
0.09912503
-0.04822052
-0.002196014
0.129869
-0.05078244
-0.02818203
-0.1427095
-0.1718675
0.1379516
0.139263
0.03297055
0.105225
0.01952004
-0.002806067
-0.02882248
-0.3509329
-0.4665281
0.5890769
0.2348805
0.007686019
-0.03504449
-0.04590249
-0.013542
-0.1736975
0.0446825
-0.07679898
0.109251
0.04102248
0.03260452
-0.04748851
0.1699155
-0.02406448
-0.224602
-0.4023255
0.4954725
0.1462476
-0.1887341
0.074359
0.08225852
-0.009272039
-0.07249844
0.07615846
-0.43066
0.1311195
0.03611207
0.2484224
-0.04321849
0.145851
-0.06212848
0.007563949
-0.2895364
-0.05209404
0.1856535
-0.03553253
0.111569
-0.05395448
0.07862902
0.05355799
-0.03501403
-0.233142
-0.4438359
0.473726
0.05407643
0.101321
0.03931451
0.05651653
0.02354598
-0.02122802
-0.3763395
-0.1957794
0.3561789
0.119987
0.09558702
-0.08387506
0.05566251
-0.015616
-0.01585996
-0.106567
-0.6418115
0.576145
-0.06481248
0.246684
-0.04883051
0.125843
0.004025996
-0.1841895
-0.1551535
-0.3946395
0.538325
0.100101
-0.01149851
-0.01451802
0.1125451
-0.07762253
-0.06054252
-0.09985697
-0.557479
0.468968
0.1349015
0.05651647
0.08457649
0.04407251
-0.007929981
-0.1453936
0.03101856
-0.2602565
0.07826298
0.1924855
-0.01756799
0.02879202
0.06688648
0.02028251
-0.104249
0.003293991
-0.210816
0.187392
-0.1008331
0.2055395
-0.02671802
0.03553253
-0.02382052
-0.226188
-0.02598596
0.09567851
0.05017245
0.05444252
-0.02525401
0.117669
-0.03931451
-0.06627649
-0.2816065
-0.2035875
0.252418
0.109983
0.1571054
0.01927602
0.09046298
-0.06398898
-0.027816
-0.244732
-0.2820945
0.462258
0.03733206
-0.005124032
0.03882647
-0.029158
0.06176251
-0.05968851
-0.291885
-0.144021
0.2730665
-0.01247442
0.200568
0
0.08238053
-0.01634806
-0.104981
-0.134139
-0.4051315
0.6510835
-0.07127851
-0.1508836
0.09717304
0.02025205
-0.000854075
-0.1747954
-0.146827
0.1696714
0.001342058
0.121939
0.104981
-0.09412301
0.085217
-0.01979452
-0.1602775
-0.1192549
0.0249185
0.25559
-0.06517851
-0.005490005
0.03931451
0.03647798
-0.04123598
-0.329339
-0.1456375
0.312503
0.03513604
-0.0002440214
0.1218475
-0.02748054
0.121939
-0.07396251
-0.2126459
-0.09006655
0.09604454
0.3358049
-0.259982
0.05163652
0.1015345
0.01134604
-0.1076345
0.0001219511
-0.7027506
0.7815931
-0.3112525
0.2797461
0.05334443
-0.01329798
0.04541451
-0.04651248
-0.1849216
-0.5948415
0.6564821
0.03053051
-0.03028655
0.118767
0.1606435
-0.1829695
-0.1240435
-0.009882033
-0.242292
0.2358261
0.001341999
0.09461099
0.02342403
0.09192699
-0.0399245
-0.09973502
-0.1254771
-0.111203
0.344345
-0.135725
-0.07713449
0.150121
0.02845651
-0.06993651
-0.06301302
-0.2836804
0.2601344
0.01390809
0.212036
-0.004025996
-0.03162855
0.05163652
-0.114253
-0.1865075
-0.1585695
0.334097
-0.01232201
0.04090047
0.01366407
0.01158994
0.07213253
-0.110593
-0.4011055
0.3329991
0.04712248
-0.1321869
0.1874834
0.03281802
0.02735853
0.06969249
-0.252662
-0.01036996
-0.06151849
0.1926075
-0.113765
0.117791
0.02842599
0.05663854
-0.02293605
0.0269925
-0.1556415
-0.6352236
0.5722411
0.01659197
0.07664651
0.08668107
-0.05468655
0.06456852
0.01537198
-0.247782
-0.2226501
0.2454641
0.1551535
-0.004148006
-0.03931445
0.04321849
-0.01573807
-0.01158994
-0.2696505
-0.7088505
0.980575
-0.2956671
0.2289941
0.06691694
0.02696204
0.096075
-0.1813835
0.005855978
-0.6254635
0.6394935
-0.01598197
-0.01174253
0.07374901
0.07152253
-0.100345
-0.110105
-0.243268
0.02992046
0.361669
-0.1678414
0.1799195
-0.02281404
0.004513979
0.0793305
-0.08347851
-0.06249446
-0.4679005
0.5108445
-0.01939803
-0.01732397
0.09116447
0.01589054
-0.001952052
-0.104127
0.08591849
-0.3953715
0.185196
0.04770207
0.207034
-0.05456448
0.06420249
-0.01317602
-0.0244
0.03062195
-0.6029849
0.593469
-0.100589
0.04809856
0.03260446
0.01586002
-0.03553247
-0.4085476
0.1336511
0.1632055
-0.132675
0.133529
0.1389275
0.005733967
0.04919648
-0.08289897
-0.2812405
-0.4358755
0.697352
0.1029071
-0.1406356
0.108275
-0.01378602
0.01159
-0.1823595
0.09140855
-0.373747
0.3039325
0.091317
0.1776015
-0.128771
0.03171998
-0.0976305
-0.1696715
-0.7404485
1.002992
-0.02318001
-0.010858
-0.01491451
0.06456852
-0.02488798
-0.01427406
-0.5925235
0.341173
0.01479244
0.08445454
0.200812
-0.006466031
0.06798452
-0.08899903
-0.3163765
-0.4389559
0.7021099
-0.03562397
-0.008814514
0.01869649
0.06737453
-0.02257007
-0.1732095
0.03135401
0.003782034
0.105713
-0.1713794
0.24095
-0.00622201
-0.02659601
-0.04614645
-0.334707
-0.07347453
0.6225355
-0.207644
-0.0602985
0.05066043
0.04614651
-0.105347
-0.4454221
-0.08594894
0.5954515
-0.102297
-0.02257001
0.2052955
-0.02403402
0.010858
-0.2126459
0.1320955
0.003293991
-0.005001962
-0.04700053
0.06261653
0.005245984
-0.03345847
-0.2040755
0.137311
-0.08933449
0.123525
-0.1392936
0.311649
-0.113765
0.07689053
0.009881973
-0.230458
-0.6516935
0.7575285
0.0412665
-0.1370975
0.1209934
0.09628856
-0.07103449
-0.4015935
-0.2657466
0.6157036
-0.08884656
0.1071466
0.004544437
0.1009246
-0.02183801
0.03589851
-0.1638155
-0.1281915
-0.1895574
0.474702
-0.1926075
0.134261
0.06923503
-0.1686955
-0.194224
-0.7337385
1.10471
-0.2820945
0.245952
-0.003294051
-0.04968446
0.111325
-0.136701
-0.03406852
-0.3477609
0.2724565
0.09778297
-0.04199851
0.118767
0.008540034
-0.239974
0.0751825
-0.5426865
0.6737754
-0.2377779
0.345077
-0.248514
0.1591794
0.02330202
-0.569679
-0.01683605
0.4333441
0.135969
-0.02073997
-0.06045103
0.04004651
-0.004148006
-0.2707485
-0.142069
0.2880725
-0.198616
0.307379
-0.04285246
0.03480047
0.09116447
-0.109129
0.04968458
-0.7426445
0.675392
-0.01402998
0.03159797
0.07521307
0.05773652
-0.01442653
-0.345809
-0.249002
0.2944165
0.05200255
0.05907845
0.22509
-0.120109
0.111813
-0.3769495
-0.02293593
0.07262051
0.21899
-0.03467852
0.02040452
0.08482051
-0.05700451
-0.01122403
-0.2912444
-0.4118416
0.6723421
-0.17812
0.208376
0.06017649
0.06493449
-0.04212052
-0.2118834
-0.03309256
-0.3143025
0.468114
-0.1462474
0.085217
0.09177446
-0.03159797
-0.01415205
-0.4937645
-0.01268804
0.4022035
-0.02613842
0.09583098
0.06700844
0.06066453
0.02235651
-0.1752836
-0.2192339
0.05663848
0.1979755
0.013542
-0.06469053
0.118767
0.05310047
-0.03879601
-0.1636934
-0.4681141
0.488
-0.04480451
0.081191
0.09177446
0.001708031
-0.02220398
-0.2971005
0.121695
0.06627649
0.100589
-0.02540648
-0.02879196
0.111569
-0.03565454
-0.09384847
-0.101931
-0.09070706
0.220698
-0.2006595
0.2994186
-0.0724985
0.1017784
0.02199054
-0.347761
-0.06286049
0.2039535
0.01927602
0.05127048
0.01906252
-0.01942849
0.01784247
-0.0188185
-0.4140375
0.2437559
-0.033306
0.04273057
0.136579
0.05798048
0.03049999
-0.021716
-0.1880935
0.08579648
-0.142435
0.2762385
-0.112545
-0.0399245
0.104493
-0.104859
0.03333646
-0.187148
-0.4111096
0.66246
-0.209108
0.1651576
0.08457649
-0.04575002
0.1047065
-0.155489
-0.2581825
-0.07676852
0.3325111
0.03318393
-0.08701646
0.0881145
-0.01390803
0.02940202
-0.1796755
0.1346574
-0.2755064
0.3164985
-0.0528565
0.1641815
-0.111203
0.1283135
-0.06911296
-0.27755
-0.42822
0.469944
0.23241
-0.125111
0.08350903
0.05029446
-0.003690481
-0.07286447
-0.06810653
-0.2845345
0.2839246
-0.06725258
-0.006709993
0.247416
0.02894449
-0.0262605
-0.100467
-0.135603
-0.467138
0.564799
0.07554853
-0.137311
0.162931
0.002439976
-0.07701248
-0.2060275
0.01524997
0.1320651
-0.139019
0.148657
0.02272248
0.124135
0.009638011
0.005367935
-0.227652
0.01244402
-0.1184009
0.2397299
-0.02195996
-0.06993651
0.07615852
0.02162445
-0.02162445
-0.26779
-0.1460036
0.3014926
-0.06420249
0.223748
-0.03028649
0.03199446
0.03809452
-0.02821255
-0.1898015
-0.3376349
0.318603
0.145851
0.03809446
-0.02857852
0.08851105
-0.05005056
-0.01171196
-0.1751615
-0.4743665
0.2977411
0.271328
0.05883449
0.01906252
0.07567048
0.01232201
-0.3040546
-0.05383241
0.1762595
-0.07262045
0.06676441
0.102419
0.02244806
-0.01622605
-0.01622599
-0.2773365
-0.197884
0.2476905
-0.02882248
0.1602775
0.1562515
-0.02809054
0.04541451
-0.03358048
-0.3051525
-0.660508
0.8562875
-0.02964598
0.014274
0.05224645
0.005124032
0.008783996
0.007686019
-0.2004156
-0.1539335
0.2127681
-0.0007320642
0.1266971
0.098759
-0.04395056
0.001098037
-0.09299445
-0.7262966
0.7389846
-0.07875103
0.05993253
0.1447834
-0.1232809
0.0534665
-0.1319735
-0.1793095
0.03199452
0.08091652
0.22509
-0.02476597
0.07152247
-0.008783996
-0.02479649
-0.233508
-0.5101125
0.6152154
0.115473
-0.04038197
0.0002439618
0.04648197
-0.118767
-0.1758935
-0.3875636
0.4366381
0.005977988
0.1697935
0.119499
0.07740903
-0.08155698
-0.06359255
-0.2663565
-0.142435
0.2908785
0.128405
0.05468649
-0.0452925
0.076433
-0.114131
-0.02162457
-0.6684074
0.4086695
0.1740635
0.1858975
0.0006100535
0.03894848
0.008540034
-0.09766102
-0.2034655
-0.2673326
0.475678
-0.221796
0.1718675
0.064843
-0.02967644
-0.02135003
-0.3601134
-0.3058846
0.3090565
0.3610895
-0.01393855
0.0473665
-0.08152646
0.07079047
-0.1639375
-0.465674
0.2119141
0.3863435
-0.05834657
-0.06569701
0.1622295
-0.04257798
-0.04065651
-0.114985
-0.5964274
0.6300994
-0.06347048
0.04480445
0.101199
-0.01402998
0.03306198
-0.2674545
-0.2032214
0.3691109
0.185196
-0.218136
-0.0009760261
0.123891
-0.06249452
0.04614651
-0.08302093
-0.133163
0.08652848
0.0568825
0.06386703
0.005123973
0.09860647
-0.01329798
-0.2923425
-0.1088849
0.2017879
0.1838235
-0.123647
0.06737453
0.02976799
-0.03769797
-0.07862902
0.04834247
-0.1087629
-0.0174461
0.2113041
-0.02003849
-0.001342058
0.09912503
-0.06517851
-0.308233
-0.283162
0.3772851
0.20801
-0.0650565
0.135115
-0.07872051
0.02391201
-0.227896
-0.323239
0.1591796
0.2557424
0.08872455
0.01305401
-0.05209404
0.133895
-0.1533235
-0.215452
-0.145607
0.3249469
0.145485
-0.2501
0.143411
0.122183
-0.269986
0.003782094
-0.218868
0.3609369
-0.2379
0.237412
0.237046
-0.140483
-0.08009297
0.06032896
-0.3569415
0.1049811
0.124745
0.06151849
-0.034648
0.1773575
-0.107177
-0.126697
-0.2514725
0.0265044
0.1680856
0.1108369
0.1690615
-0.0643245
0.01549399
-0.1879715
-0.205326
-0.1561296
0.5303645
0.1195295
-0.2806305
0.08213657
0.03370249
-0.0534665
-0.1633276
-0.1745514
0.6119215
-0.558577
0.3169865
0.1338035
0.02696192
0.01220006
-0.258518
-0.01171201
-0.03858256
0.246806
-0.0907985
0.04822052
0.02561998
0.01305401
-0.09641051
-0.1589355
0.1695495
-0.413336
0.4012275
0.1280695
0.0513925
-0.215086
0.21289
-0.20618
-0.126087
-0.06200647
0.2979545
-0.003904045
-0.1265749
0.1436549
-0.007075965
-0.09851503
0.06005454
-0.617869
0.7110159
-0.341539
0.04761046
0.2975885
-0.08164853
0.09128654
-0.1707695
-0.6183875
0.4688765
0.279258
-0.116571
-0.05871254
0.1689396
0.0003659725
-0.3945175
-0.152439
0.4192835
-0.1752834
0.2889264
0.07249856
0.001829982
0.0154025
-0.1557635
-0.2714804
-0.3160106
0.6327835
-0.03724051
-0.03489196
0.01097995
0.115229
-0.1629615
-0.230092
-0.04382861
0.2868526
0.04004651
0.111325
0.01512802
0.002928019
-0.1639375
0.1357555
-0.4962045
0.2905125
0.03663045
0.1236471
-0.02369857
-0.0008539557
-0.3172305
-0.1452714
0.4221199
-0.002927959
-0.03284848
0.127673
-0.06469053
0.01549399
-0.269254
-0.3085989
0.6260735
-0.05737048
-0.07713449
-0.07493854
0.1070246
-0.07786655
0.07920849
-0.05123997
-0.096807
0.103029
0.07274246
-0.08753502
0.2668446
-0.5902971
-0.122183
0.6638935
-0.1348709
-0.1221831
0.07286453
-0.02781594
0.1028764
-0.4023255
0.05798054
0.2624525
-0.1232809
0.09885043
0.1606436
-0.1249891
-0.01256591
-0.2557425
-0.460428
0.8154175
0.005245984
-0.209474
0.2247241
-0.105347
-0.09802699
-0.1037305
-0.2796544
0.493246
-0.08225846
0.08616245
0.1386835
-0.0338245
-0.03903997
-0.556625
0.1567395
0.5463465
-0.206668
-0.05907857
0.08228904
-0.0003659725
-0.05920053
0.08091652
-0.6596234
0.5533004
-0.01024806
0.1500296
-0.04724455
0.07152253
-0.104371
-0.154879
-0.1705255
0.344589
-0.02186847
-0.00158602
0.09790498
-0.09351301
-0.139263
-0.02391195
-0.1468576
0.3086905
-0.08152652
0.211914
-0.106689
0.08579648
-0.256322
-0.337391
0.5295105
-0.131455
0.09326899
-0.08411902
0.02931052
0.07920849
-0.016958
-0.1464915
-0.09165245
-0.03870451
0.2997845
0.09217101
-0.04102254
0.0643245
-0.250588
-0.01637846
-0.2764519
0.611769
-0.4035455
0.1752834
0.05493057
-0.0759145
-0.4129395
0.464088
-0.01244396
-0.194468
0.2545224
-0.07179701
-0.004025996
0.104615
-0.112179
-0.150609
-0.410408
0.6266835
-0.043432
0.02318001
0.019032
0.001097977
-0.08518648
-0.1423435
-0.359107
0.46116
-0.08787054
0.123769
0.09494644
0.08302104
-0.04956251
-0.5113325
0.006465912
0.3024991
0.1838235
-0.08399695
-0.009882033
0.06237251
0.01781195
-0.237168
-0.141337
0.1213289
0.129137
0.0351665
0.113155
-0.04285246
0.0243085
-0.1460035
-0.2856325
0.459452
-0.08546102
0.0330925
-0.0602985
0.06151849
-0.009149969
-0.2257
-0.5385385
0.7693626
-0.06737453
0.01586002
0.0521245
0.08042842
-0.05956644
-0.139873
-0.04541451
0.005978048
0.2546445
-0.21594
0.138165
-0.05163652
0.07850701
-0.01549399
-0.304207
-0.352397
0.449936
0.1429231
0.05163646
0.04541451
0.0446825
-0.0548085
-0.3427591
-0.2938064
0.6481555
-0.06896049
-0.023058
-0.03907049
0.106079
0.01586002
-0.355203
0.09702057
-0.04440808
0.1776015
-0.0656665
0.3080806
-0.1381651
0.07615852
-0.2750185
-0.09631902
0.0521245
0.2819725
-0.1943155
0.04090047
0.137799
0.002561986
-0.332999
-0.08396649
0.03135395
0.2697725
-0.04346246
0.22936
-0.127185
0.03955853
-0.304939
-0.3099104
0.4407859
0.223748
-0.1864159
0.07106495
0.03599
-0.03086603
-0.1501515
-0.1822376
0.3865876
-0.1607655
0.05663848
0.05444252
0.02427799
-0.002318025
-0.4079375
-0.104737
0.6247315
-0.148901
-0.111447
0.1694275
0.01769
-0.127429
0.05676049
-0.446032
0.334707
-0.02052647
0.2489105
0.02879202
-0.05932248
-0.1797975
-0.2764825
-0.009881973
0.4128175
-0.1465831
0.1430451
-0.06627655
0.02757204
0.02528447
0.01098001
-0.207644
0.106811
-0.07774454
0.2437561
-0.04785448
0.05651647
-0.1059265
-0.429806
0.3846355
0.1621075
-0.09619701
-0.0304085
0.007106483
0.1067805
-0.463722
-0.1972435
0.574803
-0.2135
0.20679
0.04626852
-0.05663848
0.1976095
-0.3025905
-0.01491451
-0.1729656
0.569923
-0.22814
-0.04440796
0.2062715
-0.2117615
-0.343125
-0.08082497
0.336659
0.02623004
0.09888101
0.08558303
0.04785442
-0.04931849
-0.4476179
-0.0324825
0.417362
0.08774847
-0.1538115
0.1391715
-0.04700047
-0.03431249
-0.151951
-0.466528
0.1830914
0.4614041
0.02671796
-0.0003659725
0.02735847
-0.123647
-0.1530795
-0.232288
0.439932
0.03940594
-0.07408446
-0.006099999
0.04626846
-0.122427
0.06883848
-0.05285645
-0.03711855
-0.01927596
0.210084
-0.07582295
0.1391715
-0.1673535
-0.120231
-0.18483
0.3891495
-0.08567452
-0.08119094
0.1353894
0.02379
-0.3283629
0.4565239
-0.3972015
0.07155299
0.0888465
0.07814097
-0.002226472
0.105835
-0.5393925
0.345443
-0.03321451
0.0568825
-0.1721115
0.350567
-0.05062997
-0.07545704
-0.5104785
0.192028
0.136457
0.06176251
0.1385615
-0.109129
0.21838
-0.09448898
-0.3681656
-0.47824
1.048773
-0.2203015
-0.2580605
0.248026
0.0256505
-0.109251
-0.02857852
-0.5619624
0.587369
0.06713051
0.0473665
-0.04212052
0.06078655
0.07188845
-0.2421699
-0.4003736
0.432368
0.3213785
-0.5666291
0.2641606
0.03199452
-0.101931
0.05371046
-0.19581
0.1325836
0.157319
-0.1900455
0.1893135
0.003324509
0.007197976
-0.3653595
0.3771935
-0.675636
0.6052115
0.01024795
0.02574205
-0.01402998
0.130723
-0.05907851
-0.444446
-0.269132
0.335317
0.3110085
0.006832004
0.09192699
0.02793801
-0.134383
-0.355203
-0.0494405
0.3907355
0.07628047
-0.108519
0.0296765
0.03879595
-0.1623515
0.110715
-0.140483
0.118279
0.03663051
0.04501802
-0.25132
0.350567
-0.1705255
0.117059
-0.6128671
0.7885165
-0.264374
-0.211548
0.2472941
-0.1077871
-0.06835043
0.2802644
-0.1611314
-0.09848452
0.0704245
0.147193
-0.02464402
0.014274
-0.124135
-0.05407649
-0.3840255
0.426634
0.1760155
-0.328363
0.100589
0.08701646
-0.140117
0.1890696
-0.3341885
0.2090775
0.05322248
0.1388055
-0.02638251
-0.01708001
-0.332267
-0.03016448
0.198372
0.08238047
0.1495415
-0.098149
0.002318025
0.08912098
-0.4136715
-0.6111895
0.7886689
-0.07069898
0.208376
-0.05505246
0.09326899
-0.01723254
-0.276574
0.114131
-0.2174039
0.3476389
0.004148006
-0.05602849
0.02708399
0.01967251
-0.1071771
-0.0103699
-0.09046304
-0.005734026
0.217648
-0.01183403
0.05127048
-0.01369447
0.110349
-0.146705
-0.05017257
-0.6064315
0.7478905
-0.2471719
0.2855105
-0.118889
-0.06615454
0.02488798
-0.1851654
-0.06115258
0.1721115
0.03049999
0.079849
0.09336054
0.01528049
-0.05066055
-0.1352675
-0.112545
-0.1960235
0.2858765
0.107665
-0.122061
0.1674754
-0.04029047
-0.01073599
-0.001707971
-0.1363656
-0.1010464
0.02171594
0.1988601
-0.1379515
0.104493
0.006953955
0.06103057
0.05249047
-0.1585695
-0.341783
0.3768275
0
0.08823645
0.004758
0.102907
-0.124867
-0.02403402
-0.1799195
-0.06813705
0.04748857
0.214354
0.04980648
-0.005123973
0.06115246
-0.05810249
-0.05834651
-0.232654
0.124745
0.1784555
-0.06115252
-0.08167893
0.1256294
-0.007319927
0.07640243
-0.07798845
0.1021445
-0.490196
0.1845555
0.08567452
0.05907845
0.08082503
0.04199851
0.002806008
-0.03138453
-0.02232599
-0.799771
0.701134
0.006954014
0.006343961
0.06554455
0.009668469
0.06237251
-0.1457595
-0.6532795
0.3250386
0.338733
0.1778455
-0.1900455
0.08106905
0.012932
-0.01491451
-0.4100115
-0.228384
0.4903485
0.1667435
-0.05456448
-0.06200647
0.139751
0.01207799
0.04919648
-0.08262444
-0.47519
-0.02003849
0.215452
0.234362
-0.03736252
0.101077
-0.01439595
-0.004513979
-0.107055
-0.3060066
0.2231075
0.2970091
-0.3065251
0.01711053
0.160369
-0.05956644
-0.118035
0.04822046
-0.252174
0.26657
0.1889781
-0.105591
-0.02074003
0.1710135
-0.1352675
-0.45262
-0.383751
0.845521
0.01000404
-0.09970456
0.04318804
0.001006484
0.02012998
-0.1817495
-0.2894145
0.2648621
0.1065669
0.04273057
0.05358851
0.019642
0.09326899
-0.09936899
-0.558577
-0.05297852
0.6649
-0.07615852
-0.07887298
0.1819935
0.01174253
-0.02906656
-0.2707485
-0.3146685
0.0717665
0.4180635
0.05984104
-0.02382058
0.08765703
0.0507825
-0.0147925
-0.264374
-0.2200879
0.1168149
0.3023466
-0.09424502
-0.1957795
0.21411
0.154391
-0.06920445
-0.113033
-0.617381
0.5572045
-0.06151849
0.106567
0.1784555
-0.05785847
-0.03599
-0.1622295
-0.1397815
0.02650446
0.384971
-0.164273
-0.109129
0.1682075
0.08579648
-0.233264
-0.2851446
0.216428
-0.118279
0.446032
-0.104493
-0.02760249
0.193004
0.02086198
-0.20557
-0.837469
0.794769
0.1205969
-0.1661335
0.143167
-0.02464402
0.02061802
-0.2526621
-0.3782915
0.562847
-0.2842904
0.4256579
-0.09863698
0.0806725
0.02589452
-0.1603995
-0.1165711
-0.229116
0.2896585
0.08750445
-0.2382659
0.3715814
-0.04151052
-0.1252329
-0.46604
0.2918544
-0.2126461
0.2813626
0.199958
-0.03846049
0.02000797
0.1341695
-0.3468155
-0.2612019
0.4912939
-0.2112735
-0.112667
0.247904
0.09802699
-0.1628395
-0.001342058
0.1702815
-0.5270706
0.1972436
0.2855105
-0.114741
0.07631099
0.05111802
-0.02464402
-0.4257495
-0.02931058
0.2935626
-0.01305407
0.09180504
0.02366799
0.05383253
0
-0.2892925
0.05615056
-0.1522256
0.2929525
-0.02562004
0.05932254
0.129869
-0.107909
0.05907851
-0.2546141
-0.09412295
0.209596
-0.06591052
0.136823
-0.08103848
0.161101
-0.03233004
-0.104127
-0.2741645
-0.06957054
0.04565859
0.2663565
0.25254
-0.1704035
0.117303
0.09558702
-0.1785775
0.09409249
-0.6457155
0.69906
-0.2971005
0.121695
0.04321849
0.03001201
-0.04855603
-0.2517165
-0.5103565
0.6144835
0.1279171
-0.145119
0.1885815
0.06322652
0.06176251
-0.464454
0.04382849
0.005002022
0.348615
-0.09497702
-0.09811848
0.110105
0.06383646
-0.08887696
-0.258396
-0.3384891
0.5385386
-0.04565853
0.04748845
0.1655236
-0.04407257
0.05188054
-0.119621
-0.1704035
0.105347
0.108763
-0.1611315
0.09863698
0.0534665
0.01659203
-0.111081
-0.3786575
-0.1517071
0.3520311
0.1629615
0.08408856
0.09229296
-0.04907447
0.009027958
-0.01659203
-0.3311689
-0.1472235
0.3702394
0.110227
-0.06334847
0.06103051
0.02403396
-0.01280999
-0.1110809
0.2065459
-0.5839834
0.2556205
0.127551
0.08094698
0.006099999
0.09116453
-0.05261248
-0.459574
0.3624315
-0.2942945
0.381433
-0.1757715
0.07469451
0.07289499
0.03977203
0.05895644
-0.569801
-0.08164847
0.1452714
0.3295525
0.07606697
0.01842207
0.05322248
-0.01329798
-0.03980255
-0.4465199
-0.02196002
0.3152784
0.1352676
-0.07631099
0.077043
-0.02491856
0.04517055
-0.08189255
-0.1705255
-0.3917115
0.5013285
-0.04614651
0.1905335
-0.03297043
0.06960094
0.01939803
-0.1699155
-0.252906
-0.2558645
0.430294
0.135725
-0.06176251
0.126331
-0.01805604
0.03440398
-0.09238446
-0.09900302
-0.2784345
0.1678415
0.2892925
-0.08787048
0.07701248
0.06859452
-0.05737048
-0.226554
0.04504842
-0.1672314
0.1964199
0.03001207
0.07615846
0.0001220107
0.09802699
-0.09311646
-0.1572275
-0.193492
0.3609675
-0.2497645
0.2889265
-0.02830398
0.06469047
-0.01134598
-0.01817799
-0.05883449
-0.1455155
-0.05993253
0.06212854
0.1961455
-0.1082445
0.114741
0.04404199
-0.04907441
-0.463234
-0.3178405
0.6677974
-0.1008025
0.1634495
-0.02699256
0.130967
-0.06225049
-0.07164448
-0.1286489
-0.5278026
0.6459595
0.01805604
-0.06347048
0.1908995
-0.06786251
-0.003781974
-0.336293
0.02943248
0.06798452
-0.06310451
0.4209915
-0.139141
0.08250254
0.02162445
-0.108153
-0.08582699
-0.5208485
0.5208485
0.1708915
-0.1368231
0.05273455
0.08018446
-0.01171196
-0.08887702
0.310795
-0.8886479
0.5209705
-0.07530445
-0.25681
0.1185229
0.1878495
0.126575
0.2874625
