0
-0.8793455
-1.048041
-0.815021
-0.8686095
-0.7201965
-0.774639
-0.7493545
-0.783301
-1.641174
-0.890356
-0.8476255
-0.796233
-0.597739
-0.6230235
-0.6177775
-0.8773935
-1.062346
-0.9705405
-0.6171675
-0.7474025
-0.7765909
-0.7455725
-0.71309
-0.8338395
-0.940986
-1.269471
-0.795867
-0.7316645
-0.7697285
-0.7312985
-0.669414
-0.8377435
-1.033767
-1.714527
-0.5073065
-0.7434985
-0.9942085
-0.67588
-0.774151
-0.790865
-1.028643
-1.489803
-0.7642385
-0.8356695
-0.790011
-0.7502085
-0.589199
-0.673684
-1.337821
-1.457564
-0.899994
-0.6471795
-0.824537
-0.7598465
-0.676246
-0.779275
-0.898164
-1.28768
-0.8433555
-0.781471
-0.712846
-0.7681425
-0.702964
-0.7447185
-0.9827405
-1.452318
-0.7895229
-0.7380085
-0.827221
-0.7643605
-0.776713
-0.772565
-0.9835945
-1.278377
-0.827953
-0.67283
-0.8507975
-0.701988
-0.664168
-0.811361
-1.120326
-1.636294
-0.7416685
-0.67344
-0.8688534
-0.7498425
-0.7721685
-0.786473
-1.015345
-1.317203
-0.7722905
-0.779275
-0.784033
-0.7225145
-0.681858
-0.7677765
-1.214785
-0.708576
-0.7160485
-0.792573
-0.7546005
-0.711382
-1.410351
-1.389702
-0.7554545
-0.7431325
-0.798429
-0.7371545
-0.781349
-0.7624085
-1.048773
-1.38409
-0.694424
-0.669414
-0.795989
-0.793915
-0.776225
-0.8401835
-1.183918
-1.334527
-0.900604
-0.828685
-0.8313995
-0.7336165
-0.7247105
-0.7426445
-1.088087
-1.592344
-0.7415465
-0.697352
-0.789645
-0.810385
-0.7214165
-0.666364
-1.232627
-1.238117
-0.9710286
-0.7223925
-0.8301795
-0.7338605
-0.673318
-0.671854
-1.096262
-1.578436
-0.7503305
-0.6309535
-0.7517945
-0.823073
-0.7170245
-0.805139
-1.058929
-1.302076
-0.8747095
-0.671732
-0.775859
-0.7461825
-0.688934
-1.034987
-1.134478
-1.200022
-0.591395
-0.812947
-0.8666575
-0.828075
-0.8476255
-0.8339615
-1.182454
-0.919392
-0.804529
-0.900116
-0.776957
-0.7434985
-0.793061
-1.138626
-1.44512
-0.7211725
-0.688446
-0.788181
-0.8510415
-0.800137
-0.8376215
-1.289876
-1.486265
-0.711382
-0.7574065
-0.774883
-0.7454505
-0.708942
-0.9860345
-0.8545794
-1.311957
-0.7494765
-0.6342475
-0.8821515
-0.7555765
-0.690276
-1.188066
-1.438045
-0.938912
-0.695766
-0.7625305
-0.7687525
-0.666974
-0.7395945
-1.167906
-1.204048
-0.6250975
-0.698694
-0.799771
-0.795745
-0.7615545
-1.252757
-1.3011
-0.7556985
-0.929152
-0.596153
-0.824537
-0.6168015
-0.593225
-0.824659
-1.481995
-0.808067
-0.544547
-0.700524
-0.710162
-0.7181225
-0.8637295
-1.202707
-1.587342
-0.8710495
-0.772565
-0.776957
-0.7343485
-0.7314205
-0.790255
-1.089674
-1.503589
-0.8572635
-0.7404485
-0.794037
-0.776225
-0.782691
-0.9211
-1.29012
-1.081133
-0.697718
-0.810263
-0.804041
-0.704794
-0.7247105
-0.942084
-1.470405
-0.8588495
-0.661972
-0.7436205
-0.7685085
-0.7256865
-0.8599475
-1.357616
-1.297196
-0.6066755
-0.8393295
-0.7511845
-0.6525475
-0.696742
-1.003755
-1.14131
-0.784765
-0.814899
-0.804041
-0.812215
-0.7472805
-0.7319085
-1.136308
-1.512983
-0.690642
-0.806847
-0.7376425
-0.701988
-0.704794
-0.914146
-0.9612685
-1.37616
-0.818315
-0.67039
-0.817339
-0.7657025
-0.821121
-1.237751
-1.248731
-1.113098
-0.698084
-0.7724125
-0.6288795
-0.713456
-0.802211
-1.065395
-1.769091
-0.70211
-0.7276385
-0.797819
-0.780861
-0.7502085
-1.155828
-1.271545
-0.9728584
-0.8324975
-0.7448405
-0.697474
-0.7676545
-0.7660685
-1.113707
-1.325743
-0.7289805
-0.7310545
-0.797941
-0.8228289
-0.7597245
-1.080645
-0.818315
-1.021323
-0.8475035
-0.7291025
-0.6525475
-0.709186
-0.783057
-1.117886
-1.739171
-0.7693625
-0.6534015
-0.7665565
-0.783179
-0.8328635
-1.254587
-0.903288
-1.008757
-0.6396155
-0.803919
-0.6416895
-0.7208065
-0.67405
-1.126182
-1.590392
-0.8605575
-0.588223
-0.8759295
-0.7566745
-0.7477685
-0.9787145
-0.8860555
-1.188066
-0.906094
-0.808189
-0.708332
-0.709918
-0.599813
-0.774395
-1.170834
-1.050847
-0.7273945
-0.7302005
-0.7607005
-0.794525
-0.7386185
-0.8349375
-1.37433
-0.7170245
-0.8307894
-0.6282695
-0.68991
-0.7403265
-1.157292
-1.621868
-0.682224
-0.68564
-0.8593375
-0.7807389
-0.785619
-0.8576295
-0.9916465
-1.262273
-0.7200745
-0.893284
-0.7265405
-0.7415465
-0.7278825
-1.015955
-1.221982
-0.6286355
-0.7592365
-0.793427
-0.900604
-0.70211
-0.8412815
-1.14009
-1.262883
-0.901336
-0.7400825
-0.807701
-0.7254425
-0.6566955
-0.9683445
-0.9887185
-1.279475
-0.912194
-0.778421
-0.799161
-0.7652145
-0.70089
-1.104558
-1.557544
-0.9611465
-0.7714365
-0.773175
-0.7275165
-0.707722
-0.7265405
-1.22613
-1.486997
-0.7447185
-0.67588
-0.789401
-0.774029
-0.7328845
-0.7184885
-0.7260525
-1.285697
-1.067836
-0.7193425
-0.6515715
-0.6546215
-0.700524
-0.812093
-1.022421
-1.337089
-0.7531365
-0.775005
-0.796477
-0.7661905
-0.784277
-1.058045
-0.8468935
-1.139358
-0.7315425
-0.7408145
-0.772809
-0.687104
-0.695888
-1.118374
-1.154852
-0.8438435
-0.8361575
-0.7698505
-0.796355
-0.700158
-0.8615335
-1.12057
-1.256539
-0.9731025
-0.8241709
-0.714798
-0.828563
-0.696498
-0.7521605
-1.071129
-1.589416
-0.9816425
-0.7172685
-0.7203185
-0.7182445
-0.784643
-0.6544995
-1.044991
-1.505663
-1.070886
-0.691008
-0.8373775
-0.6893
-0.69662
-0.814533
-1.015345
-1.554371
-0.7560645
-0.794647
-0.8639735
-0.7460605
-0.7211725
-0.8133129
-1.133746
-1.346026
-0.772565
-0.7703385
-0.7555765
-0.7482565
-0.7275165
-1.219421
-1.378234
-0.9560226
-0.808799
-0.821365
-0.7181225
-0.7599685
-0.8331075
-1.019249
-1.299635
-0.807701
-0.818193
-0.8166069
-0.786229
-0.6588
-0.8758075
-1.282403
-0.9687105
-0.7519165
-0.7369105
-0.9202459
-0.7659465
-0.8299356
-1.113464
-1.330379
-0.9670025
-0.807701
-0.705526
-0.7566745
-0.7408145
-0.8544575
-1.042917
-1.379576
-0.802943
-0.813191
-0.828441
-0.8723915
-0.803675
-0.9742005
-1.238727
-0.931348
-1.091991
-0.8699515
-0.7395945
-0.7382525
-0.7449625
-1.066859
-1.522652
-0.784521
-0.696376
-0.804651
-0.7447185
-0.7558205
-0.8756855
-1.066738
-1.290607
-0.8468935
-0.8462834
-0.810019
-0.792207
-0.712358
-0.9915245
-1.262273
-0.9918905
-0.7380085
-0.7556985
-0.8338395
-0.7683865
-0.7320305
-1.082109
-1.239459
-0.923662
-0.7696065
-0.699426
-0.688568
-0.7653365
-1.053043
-1.368596
-0.797331
-0.7694845
-0.811727
-0.7591145
-0.7491105
-0.8460395
-0.8539695
-1.128622
-0.908412
-0.8710495
-0.7561865
-0.6893
-0.7209285
-1.060516
-1.270203
-0.7533805
-0.8333514
-0.7211725
-0.774639
-0.707844
-0.8745875
-0.9535825
-1.380552
-0.8701955
-0.814899
-0.6146055
-0.7391065
-0.702598
-0.928176
-1.006683
-1.041209
-0.8361575
-0.7525265
-0.8390855
-0.8604355
-0.804285
-1.181113
-1.175989
-0.889258
-0.9499225
-0.800991
-0.815143
-0.6457155
-0.7295905
-0.9466285
-1.709281
-0.9654165
-0.7421565
-0.791353
-0.801357
-0.7161705
-0.783789
-1.166564
-1.148752
-0.9857904
-0.8632415
-0.826977
-0.7155605
-0.7378865
-0.70577
-1.073814
-1.459028
-0.8329855
-0.819535
-0.801845
-0.693692
-0.7627745
-0.7443525
-1.123986
-1.358836
-0.8357915
-0.9629765
-0.7332505
-0.66795
-0.686982
-0.685274
-1.129842
-1.757136
-0.934032
-0.68625
-0.7433765
-0.7455725
-0.7511845
-0.689544
-1.023885
-1.247877
-0.93269
-0.791963
-0.822585
-0.7203185
-0.6497415
-0.7266625
-1.136186
-1.285941
-0.7688745
-0.8517735
-0.8343275
-0.660996
-0.6405915
-0.8506755
-0.9555345
-1.025349
-0.818925
-0.8625095
-0.690032
-0.709308
-0.67344
-0.819901
-1.245315
-1.179404
-0.7442305
-0.813801
-0.786351
-0.792695
-0.804285
-0.9613905
-1.561569
-1.081378
-0.811483
-0.7508185
-0.70455
-0.7343485
-0.687836
-1.061614
-1.669112
-0.8340836
-0.7597245
-0.776835
-0.7560645
-0.7447185
-0.8592154
-1.117276
-1.625284
-0.910486
-0.9645625
-0.796477
-0.7184885
-0.7352025
-0.7256865
-1.218201
-1.423648
-0.8301795
-0.821365
-0.8737335
-0.787083
-0.8609235
-0.8636075
-1.039257
-1.17242
-0.918416
-0.8787355
-0.7527705
-0.9551685
-0.8804435
-0.6546215
-1.103094
-1.712331
-0.7223925
-0.6470575
-0.7599685
-0.7193425
-0.807213
-0.713944
-0.9587065
-1.394216
-0.794403
-0.7427665
-0.7261745
-0.711504
-0.704428
-0.675026
-1.241899
-1.615036
-0.773419
-0.689788
-0.71187
-0.699182
-0.706136
-0.795013
-1.1999
-1.520211
-0.941108
-0.795745
-0.7314205
-0.7281265
-0.689666
-0.773175
-0.8748315
-0.8723915
-1.133868
-0.6288795
-0.795623
-0.827343
-0.819169
-0.7654585
-1.16388
-1.342091
-0.8465275
-0.8434775
-0.8472595
-0.7309325
-0.685152
-0.691374
-0.938424
-1.148264
-0.827343
-0.8444535
-0.812703
-0.7455725
-0.7475245
-0.7154385
-0.9889625
-1.463207
-0.892308
-0.704916
-0.8349375
-0.6259515
-0.7325185
-0.680882
-0.9805445
-1.338554
-0.8581175
-0.8403055
-0.7273945
-0.809653
-0.7402045
-0.820389
-0.9539486
-1.245803
-1.061979
-0.683566
-0.8633634
-0.7375205
-0.919026
-0.7373985
-1.134356
-1.187091
-0.8616555
-0.9214659
-0.7563085
-0.7533805
-0.7194645
-0.826855
-1.19197
-1.174891
-0.8313995
-0.8627535
-0.6477895
-0.7613105
-0.694302
-0.8686095
-1.019127
-1.314397
-0.8365235
-0.7258085
-0.7685085
-0.69601
-0.7439865
-1.044991
-1.531191
-0.8549455
-0.892674
-0.689056
-0.6564515
-0.709308
-0.7162925
-1.008391
-1.222592
-0.7660685
-0.773297
-0.782935
-0.8318875
-0.704794
-0.713456
-0.89731
-0.90158
-0.929396
-0.776347
-0.827953
-0.691496
-0.774517
-0.7376425
-0.90951
-1.217224
-0.785497
-0.779519
-0.7434985
-0.790133
-0.7438645
-0.809043
-1.028399
-1.132526
-0.8578735
-0.795745
-0.793549
-0.70455
-0.689422
-0.788669
-0.9949405
-1.561203
-0.7437425
-0.687958
-0.8385975
-0.817461
-0.7548445
-0.9643185
-0.934764
-0.8518955
-0.7448405
-0.8682435
-0.705404
-0.7386185
-0.7528925
-1.1224
-1.45549
-0.8373775
-0.707478
-0.715042
-0.7328845
-0.7555765
-0.7572845
-0.819535
-1.317691
-0.708454
-0.907436
-0.7348365
-0.7543565
-0.775737
-0.814777
-1.13521
-1.001284
-0.7171465
-0.8338395
-0.8366455
-0.7298345
-0.795623
-0.8503095
-1.555347
-0.9650505
-0.7486225
-0.7666785
-0.6016735
-0.7410585
-0.7466705
-1.226253
-1.320253
-1.047797
-0.7355685
-0.818803
-0.694058
-0.7239785
-0.8776374
-0.9311039
-1.348466
-0.805261
-0.7375205
-0.7245885
-0.690398
-0.6407135
-0.707722
-1.166808
-1.466867
-0.7522825
-0.706136
-0.7709485
-0.7710705
-0.7288585
-0.7583825
-1.053531
-1.077717
-0.803431
-0.798551
-0.665876
-0.803797
-0.7241005
-0.9971365
-1.253123
-0.8636075
-0.705404
-0.8498215
-0.8299356
-0.782081
-0.783301
-0.928176
-1.333552
-0.784155
-0.8343275
-0.794769
-0.7531365
-0.663192
-0.926956
-1.121668
-1.506517
-0.658312
-0.67893
-0.814777
-0.794647
-0.803919
-1.181479
-1.409497
-0.913536
-0.797697
-0.6534015
-0.712724
-0.7469145
-0.794647
-1.175866
-1.37433
-0.8582395
-0.802333
-0.8726355
-0.791719
-0.7452065
-0.921344
-1.139602
-1.061736
-0.900604
-0.8709275
-0.674904
-0.691374
-0.714188
-1.29134
-1.231407
-0.9555345
-0.673318
-0.797087
-0.8412815
-0.7693625
-0.687348
-1.352858
-1.356274
-0.784155
-0.7604565
-0.816973
-0.7283705
-0.695522
-0.8545794
-0.8133129
-1.382138
-0.910486
-0.7552105
-0.813557
-0.8445755
-0.776225
-0.8671455
-0.8434775
-1.17672
-0.6493755
-0.8595815
-0.6519375
-0.7718025
-0.7360565
-1.157048
-1.542659
-0.7546005
-0.7239785
-0.805627
-0.7447185
-0.7608225
-0.786473
-1.069177
-1.226497
-0.91561
-0.801723
-0.699426
-0.7721685
-0.7580165
-1.233847
-1.121546
-0.8475035
-0.8024549
-0.7216605
-0.780983
-0.7312985
-0.7658245
-1.199535
-1.322572
-0.8812975
-0.798063
-0.8399395
-0.7327625
-0.7658245
-0.66978
-0.8637295
-1.102484
-1.36396
-0.925736
-0.7637505
-0.8588495
-0.793183
-0.7550885
-0.815753
-1.087721
-1.642882
-0.892918
-0.776957
-0.783057
-0.780251
-0.823439
-0.8533595
-1.146556
-1.617842
-0.804651
-0.673806
-0.787815
-0.7693625
-0.8003809
-0.8784915
-0.8608015
-1.310249
-0.792695
-0.8361575
-0.792329
-0.783789
-0.797575
-1.006683
-0.923296
-0.924272
-0.7227585
-0.6420555
-1.021811
-0.785619
-0.893772
-1.147898
-1.541561
-0.7567965
-0.800259
-0.8860555
-0.706868
-0.8467715
-0.7500865
-1.132404
-1.379454
-0.7655805
-0.789767
-0.7807389
-0.7338605
-0.7582605
-0.8378655
-0.9523625
-1.306345
-1.035231
-0.780861
-0.7389845
-0.7617985
-0.7438645
-0.8274651
-1.066494
-1.530093
-0.7692405
-0.897798
-0.913048
-0.816241
-0.787937
-1.003633
-1.378966
-1.019859
-0.824781
-0.797209
-0.67222
-0.7194645
-0.7619205
-0.9787145
-1.292925
-0.6771
-0.797209
-0.781959
-0.8472595
-0.811483
-0.797087
-1.132282
-1.329404
-0.897066
-0.805139
-0.818315
-0.7405705
-0.7538685
-0.802699
-0.9134141
-1.587586
-0.7271505
-0.808921
-0.792695
-0.7716805
-0.783057
-0.940986
-1.013027
-1.053043
-0.939522
-0.7691185
-0.7410585
-0.710528
-0.811361
-1.112121
-1.225399
-0.828685
-0.705526
-0.8605575
-0.7477685
-0.8399395
-0.7514285
-0.9633425
-1.211856
-0.8454295
-0.8431115
-0.7204405
-0.7411805
-0.7166585
-0.805505
-0.94123
-1.381894
-0.790133
-0.803553
-0.7678985
-0.7388625
-0.7438645
-0.9857904
-1.338798
-0.9635864
-0.68808
-0.826489
-0.6117995
-0.803919
-0.801479
-1.232261
-1.496025
-0.7283705
-0.7214165
-0.790133
-0.7665565
-0.7295905
-0.821365
-1.032303
-1.206977
-0.8740995
-0.814533
-0.8361575
-0.8528715
-0.7566745
-1.084062
-1.172908
-0.910852
-0.707844
-0.8567755
-0.781715
-0.8542135
-0.8579955
-1.15717
-1.32794
-0.828441
-0.802577
-0.8564095
-0.7302005
-0.7663125
-1.055361
-1.262151
-1.004365
-0.91744
-0.829173
-0.8830054
-0.8400615
-0.7344705
-1.234213
-1.332819
-0.931714
-0.824049
-0.7481345
-0.7306885
-0.7533805
-0.773785
-1.257759
-1.091869
-0.698328
-0.781105
-0.826001
-0.8417695
-0.788791
-0.826367
-0.8744655
-1.252269
-0.907924
-0.8820295
-0.7550885
-0.8769055
-0.798429
-0.920368
-1.062712
-1.069543
-0.8815415
-0.7694845
-0.777567
-0.8311555
-0.795257
-1.14253
-1.431823
-0.8773935
-0.909144
-0.8445755
-0.8401835
-0.7238565
-0.818315
-0.9569985
-0.9600485
-0.9996985
-0.7506965
-0.809043
-0.8385975
-0.7397165
-0.7594805
-1.212832
-1.375184
-0.89731
-0.8374994
-0.817583
-0.6577935
-0.71431
-0.67771
-0.9824965
-0.8454295
-0.934886
-0.7511845
-0.8997499
-0.823561
-0.782447
-0.8669015
-1.234091
-1.413401
-0.8916981
-0.898164
-0.7703385
-0.680882
-0.6531575
-0.7686305
-1.221616
-1.246779
-0.9620004
-0.784155
-0.8301795
-0.7508185
-0.7602125
-0.794159
-0.8738555
-1.125328
-1.046577
-0.8382315
-0.709796
-0.7414245
-0.702354
-0.685884
-0.93574
-1.274961
-0.940254
-0.790865
-0.788669
-0.795379
-0.7475245
-0.911218
-0.7654585
-1.173792
-0.8549455
-0.8299356
-0.685518
-0.7807389
-0.7376425
-0.8795895
-0.9873765
-1.524603
-0.785985
-0.829051
-0.791109
-0.7364225
-0.7682645
-1.15534
-1.098091
-0.8656815
-0.9466285
-0.923784
-0.697596
-0.7310545
-0.7481345
-1.310737
-1.456833
-0.8896241
-0.7520385
-0.7367885
-0.7594805
-0.7376425
-0.7516725
-0.9394
-1.424137
-0.827831
-0.791353
-0.806359
-0.7487445
-0.7232465
-0.69723
-0.9709065
-1.485167
-0.8667794
-0.7287365
-0.8506755
-0.778055
-0.796965
-0.896578
-0.668682
-1.081378
-1.004975
-0.811239
-0.7659465
-0.704672
-0.7322745
-0.698572
-1.207098
-1.474309
-0.935496
-0.8814195
-0.7674105
-0.71492
-0.714676
-0.825269
-1.056093
-1.669112
-0.6538895
-0.9892065
-0.6555975
-0.7537465
-0.7250765
-0.794281
-1.247389
-1.301466
-0.9543145
-0.7693625
-0.821487
-0.7469145
-0.7628965
-0.8357915
-1.197094
-1.534974
-0.827099
-0.7216605
-0.919026
-0.673684
-0.797087
-0.7705825
-1.016931
-1.386774
-0.89426
-0.8593375
-0.815997
-0.7575285
-0.7592365
-0.806481
-1.131916
-1.571451
-0.9655385
-0.801357
-0.784643
-0.694912
-0.71004
-0.7499645
-1.058167
-1.087478
-0.7316645
-0.7542345
-0.7386185
-0.786839
-0.7546005
-0.788791
-0.9665145
-1.402542
-0.821731
-0.821365
-0.7420345
-0.7262965
-0.660142
-0.810141
-1.15473
-1.343555
-1.031327
-0.825269
-0.802211
-0.692106
-0.7547225
-0.7173905
-0.8855675
-1.150216
-0.9527285
-0.7388625
-0.7488665
-0.6346135
-0.7255645
-0.7615545
-1.008757
-1.21515
-0.8709275
-0.597861
-0.790499
-0.7266625
-0.7548445
-0.7650925
-0.8860555
-1.196728
-0.7375205
-0.887428
-0.815997
-0.669658
-0.7228805
-0.708942
-0.7337385
-1.009245
-1.416695
-0.7442305
-0.783179
-0.783057
-0.7378865
-0.713212
-0.66307
-0.8608015
-1.011441
-1.000064
-0.8711715
-0.66124
-0.69479
-0.6237555
-0.7398385
-0.941352
-1.411327
-0.69235
-0.7566745
-0.8348155
-0.7685085
-0.6463255
-0.8811755
-0.7215385
-1.124962
-0.8852015
-0.812215
-0.7176345
-0.775127
-0.709796
-0.779885
-0.787937
-1.494561
-0.908656
-0.797087
-0.779031
-0.7204405
-0.812459
-1.217469
-1.355054
-0.7674105
-0.790987
-0.709186
-0.7215385
-0.69967
-0.7186105
-0.912316
-1.032425
-0.8679994
-0.71431
-0.7319085
-0.7915969
-0.7183665
-0.796965
-1.237507
-1.35176
-0.904508
-0.774639
-0.8559214
-0.662338
-0.677954
-0.7190985
-1.19136
-1.331965
-0.777567
-0.7648485
-0.805383
-0.7264185
-0.7525265
-0.8720255
-1.019005
-1.088575
-0.8667794
-0.8427455
-0.7162925
-0.6432755
-0.69357
-0.9661484
-0.9702964
-1.246657
-0.828075
-0.810507
-0.787327
-0.780129
-0.6399815
-0.6187535
-1.211491
-1.067713
-0.9778605
-0.805993
-0.7183665
-0.709308
-0.690398
-0.8496995
-0.912804
-1.292194
-0.89792
-0.892918
-0.804773
-0.7421565
-0.773663
-0.823439
-0.920368
-1.200266
-0.9511424
-0.820145
-0.7715585
-0.7630185
-0.707966
-0.888526
-1.042063
-1.519845
-0.811605
-0.821975
-0.8423795
-0.820511
-0.7530145
-0.9502885
-0.7547225
-1.032913
-0.7497205
-0.927566
-0.7596025
-0.7664345
-0.704794
-0.9667585
-1.037305
-1.009123
-0.789279
-0.7563085
-0.779153
-0.785253
-0.8373775
-1.018761
-0.8849575
-0.8708055
-0.797453
-0.817339
-0.714066
-0.7250765
-0.7264185
-1.109437
-1.224179
-0.788669
-0.7549665
-0.785375
-0.709796
-0.7420345
-0.8492115
-1.105168
-1.420354
-0.790255
-0.896822
-0.7532585
-0.7393505
-0.668804
-0.797819
-1.134356
-1.236287
-0.8554335
-0.7244665
-0.7611885
-0.819901
-0.7282485
-0.887672
-1.023397
-1.481751
-0.9717605
-0.782691
-0.780251
-0.709186
-0.7199525
-0.8759295
-0.9710286
-1.534364
-0.908656
-0.8412815
-0.8338395
-0.7454505
-0.7428885
-0.8566535
-1.082597
-1.285941
-0.670024
-0.783667
-0.8742214
-0.700524
-0.773907
-0.8708055
-1.191604
-1.30476
-0.7355685
-0.904996
-0.808433
-0.7570405
-0.8331075
-0.898896
-1.025837
-1.120692
-0.8366455
-0.829783
-0.823683
-0.7402045
-0.7328845
-0.9616345
-1.221251
-0.7546005
-0.787693
-0.8479915
-0.778787
-0.7696065
-0.806969
-1.134722
-1.411083
-0.8527495
-0.783911
-0.8351815
-0.7284925
-0.71431
-0.8644615
-1.095896
-1.529117
-0.7470365
-0.804529
-0.8362795
-0.7447185
-0.7611885
-0.943548
-1.075034
-1.142286
-0.794281
-0.8422575
-0.711626
-0.7389845
-0.783301
-1.136552
-1.361886
-0.670146
-0.6326615
-0.7708265
-0.90646
-0.7691185
-0.8274651
-1.110413
-1.642882
-0.914878
-0.774395
-0.801357
-0.7658245
-0.7267845
-0.823805
-0.9487025
-1.627968
-0.897432
-0.804041
-0.8714155
-0.784521
-0.784521
-0.9949405
-1.072471
-1.019493
-0.826855
-0.7225145
-0.668072
-0.8504314
-0.7648485
-0.9823745
-1.548272
-0.820633
-0.7464265
-0.7516725
-0.778299
-0.776713
-0.9790804
-0.8794675
-1.087234
-0.8516515
-0.784643
-0.781837
-0.662704
-0.7724125
-0.9795685
-1.145458
-0.898164
-0.6361995
-0.814411
-0.8288069
-0.806115
-0.8628755
-1.023275
-1.589294
-0.793183
-0.8434775
-0.7720465
-0.7349585
-0.7526485
-0.8437214
-0.94367
-1.464793
-0.6505955
-0.8429894
-0.813679
-0.7486225
-0.7561865
-1.193313
-1.619672
-0.8582395
-0.710406
-0.7265405
-0.7521605
-0.666974
-0.7655805
-0.910242
-1.259955
-0.8595815
-0.788425
-0.8816635
-0.802089
-0.817217
-1.132892
-1.319034
-0.9527285
-0.774395
-0.774639
-0.701622
-0.7509405
-0.7365445
-0.9728584
-1.625772
-0.911218
-0.8186809
-0.7624085
-0.809531
-0.7691185
-0.805139
-0.775249
-1.105289
-0.808189
-0.8573855
-0.808799
-0.796721
-0.773541
-0.930494
-0.9527285
-1.063688
-0.8576295
-0.806115
-0.8392075
-0.827953
-0.7454505
-0.918782
-1.13399
-0.89121
-0.8817855
-0.7325185
-0.783667
-0.701744
-0.7194645
-0.790377
-1.247267
-1.437312
-0.7247105
-0.8478695
-0.783301
-0.790987
-0.773907
-1.008635
-1.079304
-1.281549
-0.795501
-0.9672465
-0.7309325
-0.7360565
-0.69052
-0.8179489
-1.087965
-1.631415
-0.8462834
-0.819291
-0.8315215
-0.813923
-0.7187325
-0.8337175
-0.817217
-1.414255
-0.9450425
-0.824781
-0.7669225
-0.687958
-0.7555765
-0.808189
-0.682834
-1.388482
-0.8583615
-0.8489675
-0.908656
-0.7602125
-0.7621645
-1.217103
-1.566327
-0.784765
-0.781959
-0.809775
-0.666242
-0.699914
-0.704428
-1.093333
-1.315617
-0.92293
-0.780129
-0.788913
-0.793061
-0.7709485
-0.8472595
-1.110536
-1.294634
-0.9445545
-0.817339
-0.7555765
-0.787815
-0.791475
-0.811849
-1.009489
-1.524726
-0.706502
-0.8412815
-0.8228289
-0.816973
-0.7256865
-0.92781
-0.8331075
-1.08333
-0.809165
-0.827709
-0.788547
-0.7434985
-0.7436205
-0.9862785
-0.9607805
-0.9843265
-0.8300575
-0.8782475
-0.777445
-0.793549
-0.7519165
-0.9482145
-1.041453
-0.8409155
-0.894382
-0.8556775
-0.8233171
-0.671976
-0.7330065
-0.9330561
-1.071129
-0.914024
-0.587979
-0.813923
-0.824659
-0.7633845
-0.810263
-1.019859
-1.587586
-0.9750545
-0.8511635
-0.8344495
-0.791841
-0.6954
-0.914512
-0.9693205
-1.527776
-0.775371
-0.922686
-0.8296915
-0.778909
-0.6540115
-0.7380085
-1.188189
-1.852814
-0.915488
-0.798917
-0.8548235
-0.7425225
-0.7225145
-0.689544
-0.823805
-0.9519965
-1.382016
-0.91195
-0.829417
-0.7308105
-0.7721685
-0.7647265
-0.8362795
-1.00043
-1.560838
-0.8335955
-0.89731
-0.7564305
-0.777323
-0.7380085
-0.8564095
-0.9510205
-1.39446
-0.7158045
-0.822341
-0.819047
-0.786229
-0.800625
-0.911584
-0.8516515
-1.116666
-0.7688745
-0.926834
-0.791353
-0.774029
-0.7355685
-0.7445965
-1.112121
-1.346758
-0.7437425
-0.7352025
-0.775127
-0.775615
-0.7410585
-0.781471
-1.106387
-1.304271
-1.126548
-0.798185
-0.7535025
-0.7630185
-0.7330065
-0.6463255
-1.10102
-1.120936
-0.9201241
-0.710772
-0.8481135
-0.8527495
-0.8351815
-0.7498425
-1.003999
-0.807213
-0.9418401
-0.8739775
-0.803919
-0.7273945
-0.807091
-0.7546005
-1.019615
-0.905484
-0.9572425
-0.7527705
-0.811605
-0.816363
-0.784277
-0.807579
-0.92659
-1.339652
-0.887428
-0.8368895
-0.782813
-0.819169
-0.794769
-0.808433
-1.090039
-1.363472
-0.6141175
-0.691252
-0.7341045
-0.806115
-0.8639735
-0.8514075
-0.9900605
-1.208196
-0.8678775
-0.894016
-0.813191
-0.8288069
-0.7711925
-0.775493
-1.028765
-1.335869
-0.8626314
-0.7283705
-0.8460395
-0.888038
-0.810995
-0.800259
-0.90585
-0.8623875
-0.9918905
-0.8795895
-0.911096
-0.7414245
-0.695644
-0.773419
-0.917196
-0.9479705
-0.8784915
-0.805505
-0.899384
-0.8786135
-0.814655
-0.776347
-1.039135
-0.894626
-0.9912805
-0.809165
-0.8714155
-0.804651
-0.783301
-0.7615545
-0.889502
-0.9681005
-0.822219
-1.174037
-0.9418401
-0.813679
-0.828197
-0.792207
-0.824415
-0.892308
-0.94001
-1.219787
-0.7655805
-0.9827405
-0.7389845
-0.785863
-0.709674
-0.794647
-0.9473605
-1.077108
-1.098336
-0.799649
-0.828075
-0.7630185
-0.698206
-0.801479
-1.094797
-1.527776
-0.807335
-0.9601706
-0.7428885
-0.7447185
-0.688812
-0.693692
-1.025471
-1.203439
-0.8316435
-0.8306675
-0.7299565
-0.802699
-0.713212
-0.8003809
-0.8653155
-1.224423
-0.9953066
-0.9907925
-0.7356905
-0.6462035
-0.698084
-0.69418
-0.893772
-0.9893285
-1.113098
-0.8461615
-0.900238
-0.805749
-0.691374
-0.7164145
-0.8523835
-0.808555
-1.337089
-0.91561
-0.8389635
-0.7561865
-0.799527
-0.7528925
-0.782447
-1.009489
-1.405105
-0.9461405
-0.8322535
-0.7674105
-0.792817
-0.7492325
-0.8708055
-1.004487
-1.144116
-0.9789585
-0.8490895
-0.773297
-0.7166585
-0.691862
-1.168638
-1.175989
-0.904752
-0.7592365
-0.7299565
-0.7543565
-0.68564
-0.899506
-1.006439
-1.112121
-1.094919
-0.7637505
-0.706624
-0.7724125
-0.7454505
-0.8839815
-0.9670025
-1.192824
-0.920002
-0.8368895
-0.8753195
-0.7187325
-0.7699725
-1.054751
-1.510787
-0.9777386
-0.906826
-0.710894
-0.7511845
-0.662094
-0.798551
-0.9898165
-1.564864
-0.7433765
-0.790255
-0.8760515
-0.712602
-0.69296
-0.8409155
-0.673684
-1.283501
-0.925736
-0.824659
-0.7173905
-0.715164
-0.682102
-0.892552
-1.111145
-0.9576085
-0.782325
-0.7342265
-0.776103
-0.7625305
-0.819657
-0.9618785
-1.3603
-1.018639
-0.796355
-0.7448405
-0.7228805
-0.693204
-0.926712
-1.057801
-1.056337
-0.7676545
-0.8317655
-0.8158749
-0.7352025
-0.7644825
-1.148264
-1.433164
-0.7508185
-0.8440875
-0.7417905
-0.7425225
-0.784521
-0.817461
-0.896822
-1.257393
-0.937448
-0.784643
-0.7681425
-0.7411805
-0.785375
-1.120936
-1.415596
-1.045357
-0.7216605
-0.7668005
-0.706746
-0.7532585
-0.8544575
-1.003877
-1.432676
-0.8490895
-0.8700734
-0.817095
-0.7387405
-0.7365445
-1.009489
-0.9582185
-1.042429
-0.7425225
-0.8312775
-0.71187
-0.7283705
-0.823439
-1.063321
-1.544977
-0.8767835
-0.7593585
-0.8377435
-0.7546005
-0.706136
-0.7535025
-0.7494765
-1.491877
-0.7697285
-0.8459175
-0.7165365
-0.665266
-0.7227585
-1.056093
-1.217834
-0.9600485
-0.7709485
-0.8409155
-0.795379
-0.793305
-0.7345925
-1.090405
-1.389946
-0.93879
-0.812337
-0.7431325
-0.809287
-0.7591145
-0.8296915
-0.889014
-1.559618
-0.9511424
-0.794281
-0.8542135
-0.7381305
-0.792817
-0.8867875
-0.9364719
-1.347612
-0.8389635
-0.8755634
-0.7675325
-0.7360565
-0.792085
-0.9888405
-1.074423
-1.085037
-0.775249
-0.786717
-0.8390855
-0.8455515
-0.810263
-0.8378655
-0.9676125
-1.538389
-1.035353
-0.8343275
-0.7563085
-0.825147
-0.7571625
-0.7265405
-1.051091
-1.40178
-1.14253
-0.6494975
-0.7565525
-0.7219045
-0.696864
-0.7577725
-1.226497
-1.699887
-0.8855675
-0.943548
-0.70638
-0.7365445
-0.691252
-0.7172685
-1.130574
-1.068933
-0.9450425
-0.8003809
-0.797697
-0.8617775
-0.7510625
-0.7198305
-0.8834935
-0.9473605
-1.057191
-0.917318
-0.7676545
-0.7641165
-0.708576
-0.6577935
-0.9907925
-1.072106
-0.903776
-0.8528715
-0.7663125
-0.7631405
-0.773907
-0.779763
-0.9478485
-0.910974
-0.9654165
-0.810629
-0.820633
-0.712846
-0.69296
-0.704306
-0.8812975
-1.16571
-0.9444324
-0.785741
-0.784277
-0.8166069
-0.7515505
-0.784155
-1.102361
-0.825025
-0.8637295
-0.791231
-0.7366665
-0.688446
-0.688568
-0.7583825
-1.128012
-1.514691
-0.902922
-0.7482565
-0.7765909
-0.7620425
-0.68869
-0.7653365
-1.032425
-1.58966
-0.9879865
-0.781715
-0.67283
-0.7215385
-0.7200745
-0.8762954
-1.065639
-1.203804
-0.7687525
-0.810873
-0.7554545
-0.712724
-0.7216605
-1.14375
-1.366278
-0.9624885
-0.7345925
-0.709674
-0.774151
-0.688446
-0.811361
-1.147044
-1.372378
-0.821609
-0.664778
-0.699792
-0.7565525
-0.7631405
-0.8407936
-1.171688
-1.381894
-0.8781255
-0.7437425
-0.691374
-0.7162925
-0.6468135
-0.7694845
-1.055727
-1.623332
-0.8812975
-0.785619
-0.799771
-0.781471
-0.7439865
-0.914512
-0.781105
-1.206
-0.934154
-0.8510415
-0.779641
-0.677466
-0.7201965
-0.8798335
-1.003633
-1.51948
-0.810385
-0.8383535
-0.799283
-0.792329
-0.7500865
-0.8650715
-0.5324385
-1.08699
-0.9718825
-0.802333
-0.7231245
-0.693692
-0.6573055
-0.8803215
-1.023031
-1.264103
-0.8659256
-0.8384755
-0.8572635
-0.795501
-0.796477
-1.031083
-1.275449
-0.9551685
-0.8449416
-0.7559425
-0.7693625
-0.7309325
-0.794403
-0.939644
-1.004975
-1.073081
-0.7232465
-0.7556985
-0.8331075
-0.7531365
-0.8464055
-0.904142
-0.91073
-0.821731
-0.8553115
-0.787449
-0.7474025
-0.7565525
-0.7300785
-0.8834935
-0.8770275
-1.157048
-0.7270285
-0.809775
-0.787449
-0.816119
-0.7483785
-0.805993
-0.8565315
-0.910974
-0.794647
-0.8526275
-0.7310545
-0.682834
-0.685884
-0.784399
-0.9596825
-1.411327
-0.819779
-0.7563085
-0.8504314
-0.7572845
-0.7710705
-0.891942
-0.906338
-1.089674
-0.904996
-0.797819
-0.7226365
-0.7424005
-0.7210505
-0.8372555
-0.810263
-1.261785
-0.8806875
-0.7577725
-0.8371335
-0.787815
-0.7421565
-0.8717815
-0.558455
-1.007415
-0.8772715
-0.786351
-0.7302005
-0.7300785
-0.7210505
-1.013149
-1.131916
-1.16937
-0.8671455
-0.825513
-0.8373775
-0.686372
-0.670146
-0.8398175
-0.827831
-0.9776165
-0.7652145
-0.9126819
-0.791353
-0.6479115
-0.676856
-0.713456
-0.933666
-1.696105
-0.9474825
-0.695278
-0.7348365
-0.707966
-0.7165365
-0.802577
-1.196241
-1.687657
-0.8523835
-0.8850794
-0.69662
-0.669902
-0.689544
-0.777567
-1.058807
-1.554981
-0.8780035
-0.7237345
-0.7531365
-0.7299565
-0.6268055
-0.901946
-1.027911
-1.477725
-0.9677345
-1.042307
-0.7369105
-0.6436415
-0.7176345
-0.664778
-1.260931
-1.36518
-0.8387195
-0.7272725
-0.7432545
-0.7587485
-0.7589925
-0.7672885
-0.943792
-1.427431
-0.930738
-0.7447185
-0.779275
-0.7577725
-0.683078
-0.7513065
-0.9080459
-1.317569
-0.911584
-0.679418
-0.7234905
-0.803065
-0.790377
-0.8592154
-1.067469
-1.532899
-0.9932325
-0.796965
-0.685518
-0.7421565
-0.7164145
-0.774761
-1.107242
-1.265689
-0.8557996
-0.779641
-0.8453075
-0.7461825
-0.7456945
-0.7293465
-0.9444324
-1.509811
-0.8797114
-0.7382525
-0.785009
-0.6520595
-0.69174
-0.941474
-1.147898
-1.171688
-0.6458375
-0.8479915
-0.7659465
-0.714798
-0.789401
-0.9835945
-1.695251
-0.9745665
-0.7323965
-0.688446
-0.7632625
-0.671
-0.8486015
-0.9890845
-1.075034
-0.8360355
-0.669414
-0.7678985
-0.7574065
-0.798551
-1.16998
-1.20539
-0.9677345
-0.909754
-0.7315425
-0.7702165
-0.6521815
-0.7383745
-1.40486
-1.301221
-0.8526275
-0.5251185
-0.7696065
-0.7255645
-0.712968
-0.891332
-1.205146
-0.9681005
-0.9585845
-0.788669
-0.6232675
-0.7223925
-0.6338815
-1.075521
-1.089308
-0.9483365
-0.7292245
-0.688202
-0.804285
-0.6558415
-0.792085
-1.001437
-1.334162
-1.003023
-0.591273
-0.7353245
-0.7197085
-0.7372765
-0.9496785
-0.888648
-1.20112
-1.061126
-0.7288585
-0.90158
-0.798795
-0.7371545
-0.8372555
-0.7715585
-1.13521
-0.795257
-0.8720255
-0.821731
-0.7315425
-0.6126535
-0.8750755
-0.901336
-1.382504
-0.8719035
-0.7675325
-0.8820295
-0.7417905
-0.790865
-0.826367
-1.13277
-0.7708265
-0.9544365
-0.7708265
-0.678808
-0.792085
-0.8373775
-1.049993
-1.274351
-1.118862
-0.825757
-0.801601
-0.8492115
-0.7702165
-0.7703385
-1.178063
-1.500783
-0.9678565
-0.7572845
-0.7591145
-0.6536455
-0.7420345
-0.710406
-0.9517525
-1.601982
-0.792329
-0.7167805
-0.819413
-0.7415465
-0.7159265
-1.15534
-0.91866
-1.119594
-0.7670445
-0.8778815
-0.702232
-0.7236125
-0.774395
-1.252757
-1.508957
-0.7171465
-0.8527495
-0.8309115
-0.783057
-0.805017
-0.910852
-0.890722
-1.180014
-0.895602
-0.938668
-0.704794
-0.559431
-0.6542555
-0.903166
-0.794647
-0.7716805
-0.9584625
-0.6091155
-0.7680205
-0.7427665
-0.712114
-1.058807
-1.164246
-0.7337385
-0.9471165
-0.7614325
-0.7250765
-0.7255645
-0.702232
-1.244705
-1.182454
-0.8778815
-0.6257075
-0.8379875
-0.7625305
-0.694668
-0.703452
-0.779275
-1.483337
-0.676124
-0.7716805
-0.714188
-0.676856
-0.782569
-0.822707
-1.090771
-1.402176
-0.7610665
-0.7373985
-0.8507975
-0.7458165
-0.680516
-0.7765909
-0.661484
-1.373598
-0.909144
-0.8404275
-0.7217825
-0.7222705
-0.66307
-0.9994546
-0.809043
-1.060881
-0.580781
-0.8503095
-0.7666785
-0.7356905
-0.660386
-1.141676
-0.9951845
-0.698816
-0.7895229
-0.694424
-0.596153
-0.6208275
-0.7208065
-1.048285
-1.014613
-0.821853
-0.7503305
-0.8365235
-0.6464475
-0.6249755
-0.7183665
-1.032913
-1.189409
-0.453962
-0.929152
-0.8326195
-0.5037685
-0.6446175
-0.7393505
-1.220275
-1.334772
-0.814777
-0.6150935
-0.7309325
-0.705282
-0.693814
-0.8603135
-0.7577725
-0.8704395
-0.902678
-0.7339825
-0.6504735
-0.7687525
-0.6501075
-0.9678565
-0.7280045
-1.183187
-0.6565735
-0.797941
-0.7428885
-0.66368
-0.7642385
-1.048773
-1.757745
-0.7559425
-0.788669
-0.891332
-0.678564
-0.710406
-0.798307
-0.9479705
-1.288411
-0.7500865
-0.68503
-0.923174
-0.8516515
-0.808433
-1.069788
-1.021079
-0.787083
-0.7582605
-0.712236
-0.660142
-0.693692
-0.7359345
-1.050969
-1.470283
-0.825147
-0.7217825
-0.7642385
-0.7443525
-0.778787
-1.182211
-1.485167
-0.90585
-0.664656
-0.806969
-0.789767
-0.695522
-0.806603
-0.9987224
-1.486997
-0.7234905
-0.7389845
-0.898164
-0.6832
-0.7464265
-1.017053
-1.098701
-0.9515085
-0.7305665
-0.8564095
-0.7402045
-0.685884
-0.809531
-1.258613
-1.259223
-0.817217
-0.584441
-0.826245
-0.8792235
-0.6050895
-0.922076
-0.8504314
-0.9461405
-0.7556985
-0.804407
-0.7265405
-0.683688
-0.708454
-1.161318
-1.090649
-0.8819075
-0.682102
-0.7574065
-0.7186105
-0.71309
-0.7692405
-1.073325
-1.5268
-0.8370115
-0.8620215
-0.7216605
-0.7655805
-0.675392
-0.812581
-0.935496
-1.404129
-0.7503305
-0.8340836
-0.7188545
-0.70577
-0.7437425
-1.214662
-1.372866
-1.050847
-0.7585045
-0.783423
-0.6232675
-0.705404
-0.7553325
-1.014857
-1.249219
-0.8288069
-0.7264185
-0.6531575
-0.704916
-0.682224
-0.7625305
-0.917684
-1.403031
-0.9476045
-0.7124799
-0.791109
-0.685884
-0.6430315
-0.798185
-0.9673685
-1.38653
-0.71492
-0.7223925
-0.7502085
-0.7719245
-0.7369105
-1.046577
-0.892308
-0.9640744
-0.7477685
-0.7369105
-0.6542555
-0.6226575
-0.695156
-1.376526
-1.286917
-0.828563
-0.581513
-0.7517945
-0.6649
-0.6537675
-1.083939
-0.9846925
-0.8705615
-0.671854
-0.701378
-0.7295905
-0.574193
-0.6198515
-0.8605575
-0.891942
-1.071373
-0.789889
-0.780007
-0.7500865
-0.70272
-0.7304445
-1.313299
-0.9515085
-0.8963341
-0.6013075
-0.7298345
-0.819901
-0.682712
-1.155218
-1.043283
-0.793915
-0.674172
-0.7466705
-0.6954
-0.7205625
-0.9948185
-0.9790804
-1.487607
-0.8709275
-0.7360565
-0.6387615
-0.7181225
-0.7419125
-0.9748105
-1.189775
-1.057191
-0.6154595
-0.7643605
-0.8810535
-0.7378865
-0.784643
-0.9501665
-1.107973
-0.9495565
-0.782935
-0.6521815
-0.71187
-0.7294685
-0.789889
-1.076375
-1.37921
-0.690032
-0.7211725
-0.8571414
-0.7189765
-0.7303225
-0.9900605
-1.239337
-0.797087
-0.8869095
-0.598593
-0.701134
-0.668072
-0.7159265
-1.306712
-1.185261
-0.7394725
-0.7559425
-0.8564095
-0.662216
-0.663802
-0.7363005
-0.6146055
-1.40913
-0.8401835
-0.828075
-0.698572
-0.7255645
-0.7245885
-0.790377
-0.901092
-1.4439
-0.7685085
-0.781959
-0.7561865
-0.7575285
-0.7441085
-0.813435
-0.8677555
-1.394094
-0.7360565
-0.8422575
-0.672708
-0.7323965
-0.706624
-0.7617985
-1.120204
-1.180502
-0.818193
-0.705282
-0.7569185
-0.692228
-0.686006
-0.7687525
-0.813557
-1.423771
-0.7698505
-0.8444535
-0.678198
-0.6335155
-0.685884
-0.68015
-1.071984
-1.043649
-0.806481
-0.707844
-0.798917
-0.703208
-0.6330275
-0.7382525
-1.037427
-1.162782
-0.9524845
-0.7284925
-0.666608
-0.713944
-0.6381515
-0.682346
-0.915
-0.90158
-0.782447
-0.7502085
-0.7598465
-0.707234
-0.7186105
-0.7303225
-1.032913
-1.703913
-0.923418
-0.788181
-0.7571625
-0.7189765
-0.7497205
-0.704184
-0.93513
-0.9794465
-1.065762
-0.556625
-0.805017
-0.794647
-0.710772
-0.691374
-1.002413
-1.37677
-1.048895
-0.816729
-0.7439865
-0.593469
-0.67405
-0.7632625
-0.9476045
-1.096506
-0.820511
-0.7183665
-0.7436205
-0.711992
-0.69601
-0.8362795
-1.222471
-1.130452
-0.828075
-0.7405705
-0.9202459
-0.6366875
-0.6369315
-0.809165
-1.166076
-1.356884
-0.673806
-0.6277815
-0.796965
-0.70882
-0.7459385
-0.7622865
-1.034621
-1.625528
-0.901336
-0.804895
-0.7467925
-0.6394935
-0.7160485
-0.890234
-0.9645625
-1.296463
-0.7642385
-0.675758
-0.815265
-0.676002
-0.7184885
-0.7510625
-1.087111
-1.428528
-0.811605
-0.8716595
-0.661728
-0.68015
-0.688812
-0.69479
-0.898286
-1.487607
-0.7542345
-0.704062
-0.826367
-0.709308
-0.690642
-0.7681425
-0.90463
-1.557544
-0.895236
-0.917562
-0.786473
-0.661362
-0.688934
-0.807945
-1.131184
-1.272765
-0.900726
-0.679296
-0.8220969
-0.679296
-0.706258
-0.8359135
-0.9562665
-1.363228
-0.800015
-0.8830054
-0.682712
-0.7336165
-0.700524
-0.795501
-1.054019
-1.284233
-0.8400615
-0.68503
-0.7409365
-0.7666785
-0.663436
-0.781349
-1.055361
-1.549369
-0.813801
-0.8518955
-0.665998
-0.67222
-0.679906
-0.8296915
-0.9949405
-1.44329
-0.7632625
-0.705892
-0.8315215
-0.707844
-0.664046
-0.918782
-0.932812
-1.240191
-0.903288
-0.821853
-0.7320305
-0.674172
-0.7254425
-0.8576295
-0.9634645
-1.031083
-0.6274155
-0.8749535
-0.7472805
-0.7287365
-0.7203185
-0.9846925
-1.051213
-0.792573
-0.791475
-0.778787
-0.6557195
-0.70333
-0.7292245
-0.9829845
-1.357616
-0.8444535
-0.664778
-0.7489884
-0.7580165
-0.7421565
-0.811849
-1.089674
-1.426332
-0.7527705
-0.8455515
-0.786595
-0.7343485
-0.704916
-0.7626525
-1.15412
-1.216249
-0.796721
-0.7895229
-0.7398385
-0.688812
-0.6379075
-0.7453285
-0.8024549
-1.415231
-0.8700734
-0.8340836
-0.7253205
-0.695766
-0.683078
-0.7410585
-0.788913
-0.93635
-0.8748315
-0.699914
-0.775493
-0.660508
-0.659044
-0.937082
-1.185748
-0.7544785
-0.8566535
-0.694424
-0.712968
-0.6491315
-0.66856
-0.917928
-0.91561
-0.823683
-0.7561865
-0.679784
-0.780983
-0.66063
-0.7439865
-1.1407
-1.312567
-0.9687105
-0.8617775
-0.800137
-0.660996
-0.690154
-0.7498425
-1.211125
-1.278499
-0.8793455
-0.71126
-0.7236125
-0.697474
-0.6559635
-0.7275165
-1.014491
-1.408521
-0.8781255
-0.8792235
-0.7460605
-0.663802
-0.6290015
-0.7317865
-0.9865226
-1.225155
-1.138016
-0.597861
-0.670878
-0.662338
-0.664046
-0.6459595
-1.191726
-1.459547
-0.8754416
-0.8645836
-0.682102
-0.704428
-0.673684
-0.675148
-1.209661
-1.16022
-1.137284
-0.67161
-0.7265405
-0.7280045
-0.659166
-0.6483995
-1.053653
-1.159122
-0.8658035
-0.90524
-0.8507975
-0.6286355
-0.6446175
-0.6144835
-0.7342265
-1.113829
-1.341604
-0.800015
-0.8423795
-0.802333
-0.714432
-0.6247315
-0.7378865
-0.9645625
-1.522164
-0.938302
-0.794159
-0.65819
-0.707234
-0.66734
-0.6137515
-0.786595
-0.7637505
-1.060516
-0.799039
-0.7455725
-0.7220265
-0.7158045
-0.6418115
-0.812337
-0.482998
-1.448414
-0.9804225
-0.8372555
-0.70089
-0.701744
-0.6530355
-0.800137
-1.016687
-1.14497
-0.8492115
-0.69662
-0.796599
-0.6523035
-0.680638
-0.805261
-0.7233685
-1.138138
-0.71492
-0.8520175
-0.69845
-0.672586
-0.6092375
-0.714188
-0.8722695
-1.227716
-0.8689755
-0.7592365
-0.696376
-0.666608
-0.582123
-0.9557785
-0.8381095
-1.233115
-0.893162
-0.7345925
-0.5400025
-0.67222
-0.816485
-0.591395
-0.906338
-1.030839
-0.7338605
-0.801113
-0.670024
-0.695156
-0.7194645
-0.774273
-0.7632625
-0.9840825
-0.901214
-0.659654
-0.7564305
-0.558089
-0.6310755
-0.8623875
-1.020103
-1.045357
-0.783057
-0.70821
-0.667096
-0.6436415
-0.676734
-0.697474
-0.8666575
-1.56584
-0.7610665
-0.673562
-0.7675325
-0.693326
-0.6281475
-0.714432
-1.183065
-1.264835
-0.7436205
-0.588101
-0.703086
-0.7566745
-0.6287575
-0.7234905
-0.7596025
-1.376648
-0.906094
-0.7260525
-0.7593585
-0.663192
-0.6288795
-0.6186315
-0.9643185
-1.088454
-0.8492115
-0.6013075
-0.6453495
-0.684298
-0.68015
-0.670512
-1.040599
-1.196972
-0.7641165
-0.8753195
-0.700158
-0.7487445
-0.6104575
-0.7614325
-1.173671
-1.100898
-0.8186809
-0.6374195
-0.671854
-0.714554
-0.70577
-0.6570615
-0.789889
-1.270569
-1.014735
-0.800747
-0.7428885
-0.572485
-0.7464265
-0.708454
-1.098457
-1.119838
-0.7408145
-0.7283705
-0.7402045
-0.7300785
-0.6436415
-0.7465485
-0.8688534
-1.268129
-0.8459175
-0.711992
-0.6494975
-0.679906
-0.696986
-0.7297125
-1.070763
-0.9630985
-0.938912
-0.666852
-0.6237555
-0.804895
-0.660264
-0.795989
-0.775005
-0.9921345
-0.9672465
-0.7470365
-0.696254
-0.708698
-0.6832
-0.887794
-1.020835
-1.06076
-0.9694425
-0.7526485
-0.699548
-0.7331285
-0.6175335
-1.028399
-1.21576
-0.7258085
-0.7517945
-0.808555
-0.589077
-0.67771
-0.7205625
-1.18953
-0.9601706
-0.6304655
-0.6200955
-0.7326405
-0.69601
-0.6366875
-0.708088
-1.167052
-1.408399
-0.777689
-1.007415
-0.596519
-0.669048
-0.6064315
-0.809165
-1.030351
-1.222105
-0.888526
-0.6100915
-0.7432545
-0.786595
-0.6557195
-0.6525475
-0.782203
-1.196728
-0.7281265
-0.8337175
-0.6198515
-0.698816
-0.586393
-0.6520595
-0.8766615
-1.165222
-0.8362795
-0.8166069
-0.69723
-0.7527705
-0.581635
-0.7585045
-0.786107
-0.9793245
-0.892552
-0.9517525
-0.6352234
-0.679052
-0.6588
-0.798917
-1.318058
-1.337333
-0.775737
-0.6415675
-0.7526485
-0.7171465
-0.7469145
-0.8597035
-0.917562
-1.1224
-1.007537
-0.818803
-0.685884
-0.66551
-0.6551095
-0.6483995
-0.8567755
-1.167174
-0.799649
-0.788303
-0.783301
-0.9189039
-0.7571625
-0.7292245
-0.695034
-0.781959
-1.022909
-1.005463
-0.774883
-0.7358125
-0.776957
-0.6253415
-0.7603345
-1.191483
-1.061614
-0.929396
-0.5299985
-0.6132635
-0.685396
-0.6557195
-0.677466
-0.9776165
-1.072716
-0.786107
-0.7197085
-0.707478
-0.7552105
-0.6570615
-0.592737
-1.001803
-1.400804
-0.7555765
-0.678808
-0.703818
-0.7315425
-0.660264
-0.786351
-1.050847
-1.045845
-0.809775
-0.789035
-0.688934
-0.7310545
-0.697108
-0.94001
-0.8394515
-0.7598465
-0.701378
-0.702232
-0.687104
-0.561383
-0.781837
-0.7599685
-1.206
-0.896944
-0.7698505
-0.6471795
-0.7465485
-0.6412015
-0.7625305
-0.9889625
-1.352126
-0.815021
-0.6398595
-0.6236335
-0.669414
-0.684542
-0.7718025
-0.6496195
-1.387384
-0.8581175
-0.7320305
-0.5796829
-0.713822
-0.7302005
-0.785009
-0.9831065
-1.304638
-0.7536245
-0.689056
-0.7724125
-0.695644
-0.5926149
-0.783301
-0.9989665
-1.41767
-0.7561865
-0.8862996
-0.7486225
-0.708088
-0.7438645
-0.71309
-0.9979905
-1.155584
-0.923174
-0.671244
-0.7655805
-0.776469
-0.675758
-0.68076
-0.9508985
-1.326841
-0.827221
-0.8781255
-0.806481
-0.7500865
-0.7386185
-0.8588495
-0.91317
-1.3481
-0.8667794
-0.568215
-0.812093
-0.7517945
-0.7415465
-0.912926
-0.8600695
-0.9709065
-0.709308
-0.803553
-0.6126535
-0.672342
-0.7528925
-1.313421
-1.096627
-0.8737335
-0.567483
-0.7543565
-0.7556985
-0.7258085
-0.563213
-0.7169025
-1.456833
-0.897432
-0.7225145
-0.7554545
-0.714798
-0.6438855
-0.7511845
-0.810385
-0.9659045
-0.788669
-0.818315
-0.7559425
-0.681492
-0.659166
-0.8686095
-0.783789
-1.141066
-0.911584
-0.796965
-0.6329055
-0.7220265
-0.6147275
-0.8233171
-1.025349
-0.9670025
-0.7228805
-0.7517945
-0.708088
-0.6074075
-0.690642
-1.030473
-0.693936
-0.9935985
-0.9705405
-0.664046
-0.6329055
-0.687958
-0.67527
-1.065274
-1.041331
-0.9796905
-0.673684
-0.6523035
-0.697596
-0.684664
-0.6383955
-0.9794465
-1.325499
-0.9641965
-0.814411
-0.810263
-0.705404
-0.7167805
-0.6524255
-0.9588285
-1.024007
-0.8689755
-0.707478
-0.779763
-0.7516725
-0.7648485
-0.70272
-0.888282
-1.397144
-0.91622
-0.8315215
-0.690276
-0.7353245
-0.66795
-0.675514
-0.8593375
-0.892674
-1.092967
-0.6574275
-0.782203
-0.798795
-0.707234
-0.7259305
-0.9845705
-1.087965
-0.8527495
-0.8399395
-0.689178
-0.660142
-0.7361785
-0.71126
-0.7284925
-0.810263
-1.451465
-0.8631195
-0.6275375
-0.710162
-0.689788
-0.7720465
-0.805627
-0.9535825
-1.228082
-0.6475455
-0.9318359
-0.662338
-0.69662
-0.6360775
-0.7548445
-1.050359
-1.323182
-0.89792
-0.6537675
-0.68198
-0.804651
-0.706502
-0.7494765
-0.9189039
-1.462109
-0.887306
-0.8692195
-0.7310545
-0.7371545
-0.690154
-0.6534015
-0.9498006
-1.573038
-0.682346
-0.6150935
-0.8615335
-0.792085
-0.688446
-0.786351
-1.044137
-1.246901
-0.9688325
-0.775005
-0.7682645
-0.665266
-0.564189
-0.782447
-1.194776
-1.258735
-0.940132
-0.683688
-0.7478905
-0.7319085
-0.6482775
-0.7461825
-0.9757865
-1.68119
-0.92476
-0.8478695
-0.661728
-0.697596
-0.689666
-0.8740995
-1.13033
-1.428163
-0.70028
-0.6554755
-0.817827
-0.782081
-0.708454
-0.7369105
-0.920612
-1.038037
-0.8740995
-0.777323
-0.664778
-0.683444
-0.6649
-0.9645625
-0.812703
-1.283623
-0.8406715
-0.7398385
-0.789279
-0.6398595
-0.678442
-1.077473
-1.375672
-1.093943
-0.7556985
-0.7438645
-0.6546215
-0.676124
-0.692472
-0.9765185
-1.421818
-0.9644405
-0.592493
-0.7201965
-0.806481
-0.690276
-0.796355
-0.9537045
-1.387506
-0.7323965
-0.934642
-0.683932
-0.6130195
-0.668682
-0.829417
-1.082597
-1.212832
-0.8525054
-0.7243445
-0.817461
-0.688324
-0.705892
-0.923052
-1.345416
-0.8682435
-0.779397
-0.70272
-0.679906
-0.663802
-0.7201965
-0.9785925
-1.273131
-0.895236
-0.578707
-0.824415
-0.8411595
-0.682224
-0.820145
-0.942084
-1.377136
-0.661484
-0.897798
-0.687714
-0.6308315
-0.6512055
-0.923418
-0.7170245
-1.230034
-0.7155605
-0.781715
-0.772565
-0.706868
-0.7369105
-1.306101
-1.121424
-0.7491105
-0.68259
-0.684542
-0.6410795
-0.582001
-0.925492
-0.820145
-0.941718
-0.7459385
-0.788303
-0.673562
-0.5398805
-0.8444535
-1.234091
-1.156926
-0.812337
-0.7156825
-0.673074
-0.673806
-0.691374
-0.909754
-1.146556
-0.7489884
-0.6399815
-0.713822
-0.704306
-0.701622
-0.697718
-1.004487
-1.209417
-0.7395945
-0.8730015
-0.701988
-0.681492
-0.6174115
-0.679418
-0.9820085
-1.424258
-0.687104
-0.774395
-0.7671665
-0.7236125
-0.6207055
-0.8547015
-0.8446975
-1.17306
-0.814167
-0.929884
-0.558699
-0.6274155
-0.562359
-0.7572845
-0.8967
-1.376526
-0.7184885
-0.708942
-0.8521395
-0.6421775
-0.549427
-0.9698085
-1.616256
-0.932934
-0.8588495
-0.68503
-0.6086275
-0.582489
-0.6124095
-1.12667
-1.319643
-0.8773935
-0.6172895
-0.7371545
-0.710528
-0.6520595
-0.7459385
-1.012905
-1.261663
-0.782447
-0.914024
-0.8233171
-0.5195065
-0.6291235
-0.9925005
-0.9728584
-1.151192
-0.583587
-0.7216605
-0.792451
-0.669292
-0.667462
-1.196728
-1.056093
-0.8822735
-0.677344
-0.7286145
-0.6524255
-0.687714
-0.688568
-1.028399
-1.375428
-0.6491315
-0.8300575
-0.66856
-0.678442
-0.815631
-0.8582395
-1.373964
-0.8753195
-0.777323
-0.8531155
-0.572363
-0.7344705
-0.7354465
-0.9612685
-1.026081
-0.927322
-0.6036255
-0.796111
-0.7614325
-0.658922
-0.7356905
-0.8300575
-1.398852
-0.9783485
-0.8825175
-0.70211
-0.679662
-0.69906
-0.7626525
-1.169248
-1.180747
-0.810873
-0.6375415
-0.8489675
-0.818071
-0.69784
-0.9134141
-1.16937
-1.106022
-0.699914
-0.8669015
-0.66368
-0.671732
-0.7617985
-1.082109
-1.518137
-0.803309
-0.688568
-0.9180501
-0.803553
-0.7715585
-1.076254
-1.19685
-1.171444
-0.89487
-0.7154385
-0.708942
-0.6354675
-0.589321
-0.943548
-1.382138
-0.8644615
-0.6250975
-0.815021
-0.8859335
-0.7452065
-0.7676545
-0.942206
-1.29256
-0.8571414
-0.815387
-0.680028
-0.693936
-0.7350805
-0.814655
-0.9615124
-0.9884745
-0.7344705
-0.6164355
-0.9828625
-0.7286145
-0.7391065
-1.006561
-1.298537
-1.086013
-0.7682645
-0.692228
-0.828075
-0.709186
-0.91744
-1.039379
-1.251415
-0.801357
-0.7227585
-0.8792235
-0.6244875
-0.7516725
-1.229424
-1.29073
-1.017541
-0.713822
-0.8812975
-0.7330065
-0.6327835
-0.7586265
-0.8792235
-1.426089
-0.693204
-0.6557195
-0.8459175
-0.8833715
-0.782569
-0.937082
-0.8303015
-0.823805
-1.003145
-0.785497
-0.6443735
-0.6171675
-0.810629
-1.026691
-1.231773
-0.787205
-0.595055
-0.8373775
-0.7208065
-0.7237345
-0.8540915
-1.232139
-1.198559
-0.599203
-0.8640955
-0.8579955
-0.793793
-0.597129
-0.697108
-0.887184
-1.544124
-0.680272
-0.7674105
-0.8649495
-0.6487655
-0.70333
-1.094676
-1.317203
-1.008757
-0.7397165
-0.7613105
-0.673806
-0.7515505
-0.7605785
-1.028399
-1.319888
-0.670024
-0.6164355
-0.910852
-0.7675325
-0.780373
-0.785009
-1.050603
-0.900116
-0.7692405
-0.8861775
-0.67405
-0.689666
-0.6325395
-0.911706
-1.081865
-1.072227
-0.7293465
-0.7333725
-0.673196
-0.8385975
-0.8515295
-0.7198305
-1.505297
-0.936594
-0.5905409
-0.6264395
-0.7558205
-0.6213155
-0.582489
-0.817339
-1.682166
-0.7476465
-0.6107015
-0.708454
-0.70455
-0.7228805
-0.7691185
-1.025471
-1.170956
-0.822585
-0.793915
-0.7295905
-0.798429
-0.6248535
-0.9038979
-1.022787
-1.14375
-0.6265615
-0.8337175
-0.904752
-0.8852015
-0.715164
-1.100654
-0.692716
-0.9920124
-0.7537465
-0.823439
-0.6364435
-0.712602
-0.706502
-0.942328
-1.156438
-0.8836155
-0.708942
-0.778787
-0.818071
-0.6491315
-0.775981
-1.143506
-1.037183
-0.9491905
-0.8434775
-0.667096
-0.6242435
-0.690642
-0.555527
-0.9960385
-1.609424
-0.797331
-0.683078
-0.669414
-0.68747
-0.6159475
-0.5014505
-1.096017
-1.552541
-0.8517735
-0.8554335
-0.679906
-0.66124
-0.688324
-0.805383
-1.184162
-1.42255
-0.89548
-0.7670445
-0.7339825
-0.7320305
-0.659654
-0.785131
-0.9530945
-1.412425
-0.8494555
-0.906826
-0.673928
-0.6415675
-0.6486435
-0.6493755
-1.108096
-1.423527
-0.818437
-0.658556
-0.918416
-0.699914
-0.66368
-0.7422785
-1.104313
-1.675213
-0.8348155
-0.8715375
-0.692228
-0.702354
-0.567971
-0.66673
-1.006683
-1.562057
-0.892064
-0.7672885
-0.8460395
-0.780495
-0.6387615
-0.807579
-0.940864
-1.311347
-0.781837
-0.9874985
-0.7710705
-0.663436
-0.6189975
-0.674294
-0.8855675
-1.598566
-0.7547225
-0.679296
-0.776103
-0.695278
-0.6466915
-0.691252
-0.8723915
-1.552053
-0.683566
-0.9487025
-0.672708
-0.597373
-0.6534015
-0.6577935
-0.709064
-0.779763
-1.026081
-0.66673
-0.824293
-0.800015
-0.7308105
-0.6253415
-0.8514075
-1.124474
-0.8648275
-0.6204615
-0.7533805
-0.7164145
-0.6196075
-0.6360775
-0.8843474
-1.132648
-0.6231455
-0.6538895
-0.777689
-0.7276385
-0.675758
-0.6258295
-0.8749535
-1.369572
-0.909998
-0.912804
-0.686006
-0.6241215
-0.598349
-0.6099695
-0.89792
-1.762869
-0.796721
-0.6260735
-0.6569394
-0.7251984
-0.6490095
-0.703696
-0.8841035
-1.437557
-1.091382
-0.68076
-0.7336165
-0.6534015
-0.575169
-0.7447185
-0.888404
-1.481629
-0.8531155
-0.812581
-0.6403475
-0.679906
-0.680028
-0.918172
-0.8382315
-0.9221981
-0.7189765
-0.9622445
-0.6221695
-0.599569
-0.587613
-0.92781
-1.078328
-0.7384965
-0.6202175
-0.8407936
-0.774273
-0.7466705
-0.802821
-0.9970145
-1.09736
-1.090039
-0.711382
-0.8301795
-0.6338815
-0.6372975
-0.8445755
-0.9532164
-1.003999
-0.666974
-0.696132
-0.809409
-0.783911
-0.7659465
-1.146556
-1.425234
-0.777689
-0.89121
-0.6438855
-0.678442
-0.683932
-1.147654
-0.903532
-1.009123
-0.7180005
-0.7644825
-0.778177
-0.7076
-0.7249545
-1.145824
-1.254099
-0.8634855
-0.8770275
-0.6410795
-0.7219045
-0.6288795
-0.773297
-1.018639
-1.511763
-0.7323965
-0.7705825
-0.696864
-0.8714155
-0.7173905
-1.001559
-0.6335155
-1.003633
-0.7678985
-0.825147
-0.66063
-0.7222705
-0.592127
-0.9973806
-0.9628545
-0.8379875
-0.687348
-0.777445
-0.797819
-0.665266
-0.694424
-1.182576
-1.073203
-0.9484585
-0.887794
-0.90524
-0.6462035
-0.689544
-0.7292245
-0.7493545
-1.019371
-0.9683445
-0.683322
-0.785131
-0.7489884
-0.790255
-0.8351815
-0.9756646
-1.114684
-0.9620004
-0.820877
-0.666364
-0.664168
-0.580171
-1.307809
-1.036695
-0.821365
-0.553087
-0.671732
-0.6518155
-0.5313405
-0.7469145
-0.9483365
-1.457687
-0.8841035
-0.6422995
-0.7466705
-0.6181435
-0.6474235
-0.780251
-0.7180005
-1.563277
-0.8342054
-0.663802
-0.795867
-0.6534015
-0.789279
-1.134722
-1.012905
-1.048651
-0.805627
-0.7622865
-0.6446175
-0.6452275
-0.7197085
-1.130574
-1.610522
-0.8649495
-0.678686
-0.7428885
-0.785131
-0.691618
-0.7015
-1.243241
-1.717943
-1.040843
-0.7558205
-0.7482565
-0.7591145
-0.7415465
-0.801845
-1.168638
-1.639467
-0.7633845
-0.6019175
-0.8503095
-0.7693625
-0.7519165
-0.9956725
-1.171322
-0.825635
-0.773541
-0.773907
-0.684054
-0.7336165
-0.66185
-0.6954
-0.788303
-1.102605
-0.681004
-0.895724
-0.787327
-0.7388625
-0.7364225
-1.152778
-1.221495
-0.89121
-0.68869
-0.8416474
-0.7137
-0.7399605
-0.692838
-0.89914
-0.9761525
-0.8850794
-0.5125525
-0.781715
-0.7276385
-0.69296
-0.7475245
-0.902434
-0.9983565
-0.784033
-0.8951139
-0.686006
-0.7616765
-0.6316855
-0.6771
-0.6377855
-1.18953
-0.803797
-0.780861
-0.8394515
-0.690154
-0.7300785
-1.087355
-1.002779
-0.8346935
-0.8344495
-0.7334945
-0.670268
-0.676124
-0.6037475
-0.8357915
-1.11017
-0.799527
-0.68076
-0.711382
-0.70638
-0.6283915
-0.6164355
-1.001163
-1.479677
-1.078328
-0.704794
-0.7587485
-0.6327835
-0.681858
-0.706502
-1.132038
-1.242265
-0.7587485
-0.7519165
-0.8342054
-0.7349585
-0.6311975
-0.782081
-1.225276
-1.08028
-0.9256139
-0.70089
-0.804407
-0.6516935
-0.6272935
-0.7713145
-0.939888
-1.599786
-0.8600695
-0.659776
-0.826245
-0.7467925
-0.7548445
-0.7678985
-1.009611
-1.294634
-0.7516725
-0.8516515
-0.7388625
-0.678198
-0.6066755
-0.778543
-0.894626
-1.372378
-0.9426939
-0.808799
-0.686982
-0.6337595
-0.671488
-0.784033
-1.115781
-1.010099
-0.928664
-0.791231
-0.7443525
-0.6204615
-0.6008195
-0.827221
-1.033401
-1.482849
-0.807213
-0.710894
-0.8545794
-0.7661905
-0.693692
-0.7441085
-0.9712725
-1.318058
-0.7524045
-0.8313995
-0.674416
-0.6199735
-0.7414245
-0.683322
-1.026081
-0.7506965
-1.048407
-0.7713145
-0.8722695
-0.68747
-0.7348365
-0.70821
-0.711626
-0.9962825
-1.277157
-0.7663125
-0.8337175
-0.7399605
-0.6392495
-0.583465
-0.694424
-1.132038
-1.486875
-0.7486225
-0.712846
-0.703818
-0.6608739
-0.7158045
-0.712114
-1.008513
-1.107973
-0.808433
-0.800137
-0.8409155
-0.660142
-0.689544
-0.667462
-0.7316645
-0.912072
-1.175745
-0.7167805
-0.7498425
-0.7614325
-0.666364
-0.667828
-0.687104
-0.8559214
-0.802943
-0.924028
-0.781593
-0.7666785
-0.6164355
-0.6176555
-0.6122875
-0.678564
-0.9534605
-1.468575
-0.8638515
-0.710284
-0.809897
-0.671854
-0.660508
-0.696864
-0.890478
-0.681126
-0.815387
-0.8388415
-0.7405705
-0.597739
-0.6354675
-0.559919
-0.563579
-1.056337
-0.7411805
-0.785619
-0.7434985
-0.817461
-0.6559635
-0.6368095
-0.675758
-0.590297
-1.034499
-0.90585
-0.823073
-0.662094
-0.6110675
-0.578951
-0.701988
-1.154242
-0.803187
-0.824781
-0.785131
-0.7314205
-0.696132
-0.6402255
-0.6431535
-1.018883
-1.141676
-1.020103
-0.7277605
-0.7498425
-0.579073
-0.587369
-0.6347355
-0.7444745
-0.8313995
-1.014003
-0.7378865
-0.665266
-0.7287365
-0.710894
-0.663558
-0.790865
-0.92171
-1.406325
-1.062834
-0.7258085
-0.809043
-0.6360775
-0.6322955
-0.600301
-0.8618995
-0.9493126
-0.8594595
-0.7343485
-0.794891
-0.7277605
-0.7361785
-0.696742
-0.705404
-0.9990885
-1.247633
-0.8658035
-0.791841
-0.67405
-0.6454715
-0.6330275
-0.678076
-1.075643
-1.166808
-0.8313995
-0.7477685
-0.7284925
-0.787083
-0.6208275
-0.6088715
-0.577731
-0.8228289
-1.154364
-1.077595
-0.71431
-0.7405705
-0.6327835
-0.6248535
-0.6360775
-0.814045
-0.906826
-1.197582
-0.8584835
-0.784521
-0.7504525
-0.7256865
-0.6109455
-0.5417105
-0.9468725
-1.242631
-0.815021
-0.899262
-0.8321314
-0.7223925
-0.693936
-0.68991
-0.7322745
-0.9901825
-1.413645
-0.797453
-0.8326195
-0.71187
-0.677588
-0.70882
-0.6435195
-0.6577935
-0.826367
-0.9939645
-0.913536
-0.810263
-0.705404
-0.664046
-0.660752
-0.6477895
-0.8614115
-1.067592
-0.93147
-0.7260525
-0.7384965
-0.7378865
-0.6771
-0.680272
-0.8556775
-0.780861
-0.8855675
-0.9742005
-0.66612
-0.7609445
-0.703574
-0.6107015
-0.6465695
-0.917806
-1.278133
-0.7724125
-0.7355685
-0.803919
-0.7225145
-0.667584
-0.693082
-0.7571625
-1.000796
-0.8856895
-0.8557996
-0.7199525
-0.682834
-0.69845
-0.6013075
-0.7475245
-0.9540705
-1.300611
-1.021079
-0.6218035
-0.8570195
-0.6253415
-0.659654
-0.6326615
-0.658434
-0.6272935
-1.069299
-0.821731
-0.7536245
-0.685274
-0.668804
-0.6348575
-0.667096
-1.058929
-0.821853
-1.133868
-0.8486015
-0.693448
-0.7323965
-0.674538
-0.574071
-0.782325
-1.002901
-1.200389
-0.8606795
-0.7552105
-0.6060655
-0.7211725
-0.6485215
-0.692716
-1.117276
-1.591124
-0.903776
-0.681248
-0.7287365
-0.662948
-0.6266835
-0.681004
-0.8798335
-1.034011
-0.806725
-0.913292
-0.7195865
-0.702964
-0.6326615
-0.6060655
-0.775493
-0.8831275
-1.020713
-0.796111
-0.7705825
-0.7366665
-0.684664
-0.685396
-0.6523035
-0.8360355
-1.222105
-0.8711715
-0.8495775
-0.7302005
-0.7248325
-0.6174115
-0.694546
-1.055483
-1.143506
-0.808433
-0.698694
-0.7620425
-0.690642
-0.675026
-0.7380085
-0.9717605
-1.523383
-0.9113401
-0.9485804
-0.685274
-0.67344
-0.665632
-0.589687
-0.7491105
-0.930006
-0.88816
-0.6083835
-0.797941
-0.7495985
-0.6258295
-0.662094
-0.697108
-0.821609
-1.405715
-0.8579955
-0.798551
-0.816119
-0.6404695
-0.5267045
-0.7537465
-0.8453075
-1.424502
-0.8468935
-0.6199735
-0.789767
-0.7273945
-0.6407135
-0.705038
-1.068812
-1.109316
-0.8714155
-0.9638305
-0.7164145
-0.6560855
-0.6475455
-0.570045
-0.8794675
-1.088575
-1.027545
-0.783545
-0.773541
-0.7237345
-0.6330275
-0.599203
-0.679784
-0.7164145
-1.279963
-0.825269
-0.712968
-0.659166
-0.694546
-0.6233895
-0.7416685
-0.8343275
-1.34749
-0.781837
-0.6398595
-0.7624085
-0.6558415
-0.678564
-0.814045
-0.892308
-1.60735
-0.826977
-0.805627
-0.701256
-0.706746
-0.6327835
-0.772687
-1.054873
-1.341725
-0.8554335
-0.7576505
-0.7718025
-0.67283
-0.571753
-0.7503305
-0.8814195
-1.180502
-0.8742214
-0.8600695
-0.7460605
-0.798185
-0.6232675
-0.7471585
-0.9934765
-1.234335
-0.799039
-0.795501
-0.799649
-0.684664
-0.663924
-0.809653
-0.691252
-1.545344
-0.776469
-0.692106
-0.775371
-0.695278
-0.681126
-0.7170245
-1.056215
-1.169858
-0.707356
-0.7276385
-0.7376425
-0.704062
-0.6425435
-0.910974
-0.8811755
-1.254831
-0.926102
-0.6122875
-0.6286355
-0.6049675
-0.6376635
-0.707844
-1.139846
-1.237141
-0.777201
-0.6044795
-0.8482355
-0.794769
-0.6316855
-0.803553
-0.9896945
-1.416938
-0.781959
-0.8553115
-0.596519
-0.712602
-0.6538895
-0.6575495
-1.148752
-1.249829
-0.701134
-0.6119215
-0.70272
-0.70699
-0.67832
-0.7548445
-1.022421
-0.9892065
-0.8599475
-0.681492
-0.7556985
-0.671854
-0.6092375
-0.6494975
-1.131184
-1.084183
-0.9752985
-0.7266625
-0.7494765
-0.660508
-0.66917
-0.695156
-0.7658245
-0.8398175
-0.9790804
-0.798307
-0.794403
-0.569557
-0.684054
-0.6363215
-0.7316645
-1.061736
-1.232017
-1.027179
-0.687836
-0.786107
-0.778177
-0.659288
-0.7211725
-0.7364225
-0.8984081
-0.910242
-0.9496785
-0.780007
-0.701134
-0.7428885
-0.6220475
-0.781227
-0.9650505
-1.445608
-0.913902
-0.6419335
-0.8462834
-0.7365445
-0.7386185
-0.7162925
-0.811239
-0.9562665
-0.9767625
-0.8233171
-0.8770275
-0.6239995
-0.7610665
-0.6464475
-0.6236335
-0.93269
-1.059417
-0.804285
-0.7333725
-0.799161
-0.825025
-0.7261745
-0.7419125
-0.88816
-0.787327
-1.025471
-0.90036
-0.781593
-0.6893
-0.7170245
-0.659776
-0.6462035
-0.893406
-1.481141
-0.9894505
-0.7198305
-0.7539905
-0.7162925
-0.795379
-0.7676545
-0.911096
-0.8531155
-0.92537
-0.809287
-0.8326195
-0.709064
-0.7582605
-0.7453285
-0.8433555
-0.8645836
-1.132404
-0.7581385
-0.786351
-0.8337175
-0.7433765
-0.780617
-0.8457955
-0.6244875
-1.284965
-0.903166
-0.7702165
-0.8415255
-0.683444
-0.69052
-0.6569394
-0.8811755
-1.437435
-0.935374
-0.7284925
-0.778787
-0.777323
-0.786351
-0.7576505
-1.071496
-0.8478695
-0.9934765
-0.8487235
-0.8649495
-0.6310755
-0.659532
-0.6544995
-0.9535825
-0.9894505
-1.112244
-0.778177
-0.7635065
-0.811849
-0.686494
-0.69967
-0.7474025
-0.7632625
-1.048529
-0.8740995
-0.8394515
-0.7272725
-0.7124799
-0.673806
-0.814411
-1.043161
-1.116056
-0.810507
-0.7353245
-0.7427665
-0.709064
-0.677832
-0.8459175
-1.29256
-1.036085
-0.9912805
-0.8307894
-0.804285
-0.821243
-0.6546215
-0.695278
-0.8739775
-1.142774
-1.095774
-0.7477685
-0.811727
-0.8623875
-0.687958
-0.7160485
-0.7676545
-1.003267
-1.288167
-1.045967
-0.9914025
-0.669292
-0.7531365
-0.713212
-0.665022
-0.815753
-1.063321
-1.014735
-0.8782475
-0.7508185
-0.7555765
-0.700036
-0.707844
-0.7170245
-0.9798126
-1.280329
-0.939522
-0.810385
-0.790621
-0.676978
-0.683444
-0.673928
-0.712602
-0.9530945
-1.152412
-0.815143
-0.8648275
-0.817705
-0.7253205
-0.71309
-0.709796
-0.8767835
-0.672708
-0.92903
-0.896822
-0.8786135
-0.7497205
-0.7497205
-0.6261955
-0.710894
-0.9755425
-1.198559
-0.931958
-0.7524045
-0.799161
-0.813923
-0.7275165
-0.707234
-0.787693
-0.810873
-1.069788
-0.94245
-0.828563
-0.693814
-0.7666785
-0.6466915
-0.7453285
-0.9835945
-1.258003
-0.892674
-0.783789
-0.793183
-0.692716
-0.713578
-0.6509615
-0.811849
-0.793671
-0.927078
-0.8758075
-0.8650715
-0.7226365
-0.7675325
-0.6368095
-0.7526485
-1.011319
-1.341115
-0.8307894
-0.887916
-0.7367885
-0.7630185
-0.686738
-0.7166585
-0.8789795
-0.9732245
-0.9544365
-0.802943
-0.8388415
-0.671122
-0.7208065
-0.658434
-0.923784
-1.151802
-0.9776165
-0.668194
-0.8403055
-0.7524045
-0.704794
-0.777445
-0.888282
-0.9515085
-1.1816
-0.810995
-0.9694425
-0.918538
-0.8598255
-0.7699725
-0.7244665
-0.821487
-0.810141
-0.8572635
-1.008269
-0.8598255
-0.8683655
-0.7613105
-0.7532585
-0.7517945
-0.791109
-0.9256139
-0.825757
-0.909754
-0.90158
-0.887306
-0.8305455
-0.7581385
-0.702476
-0.696986
-0.774517
-1.003145
-1.109071
-1.048529
-0.805139
-0.807457
-0.7538685
-0.6397375
-0.7181225
-0.7508185
-0.6573055
-1.317447
-0.9903045
-0.8367675
-0.685274
-0.70333
-0.6358335
-0.68015
-1.070275
-1.375306
-0.8654374
-0.7417905
-0.7347145
-0.7697285
-0.787571
-0.6494975
-0.7433765
-0.8805655
-1.433164
-0.9967705
-0.919392
-0.7404485
-0.680028
-0.595177
-0.6555975
-0.910364
-1.029253
-1.066494
-0.9323239
-0.8803215
-0.8470155
-0.7187325
-0.7528925
-0.7336165
-1.152778
-1.569499
-0.8296915
-0.8867875
-0.8604355
-0.7676545
-0.597983
-0.6011855
-0.799039
-1.053531
-1.21515
-0.7389845
-0.911096
-0.7578945
-0.68869
-0.65819
-0.7505745
-0.896578
-1.447927
-1.089552
-0.8719035
-0.7527705
-0.66612
-0.6174115
-0.6189975
-0.8750755
-1.022787
-1.023885
-0.788791
-0.8434775
-0.776225
-0.7167805
-0.658922
-0.709674
-1.067225
-1.217713
-0.794281
-0.9694425
-0.699304
-0.798307
-0.709552
-0.658678
-0.694912
-1.027667
-1.485411
-0.7375205
-0.699182
-0.692106
-0.7466705
-0.7630185
-0.561017
-0.8805655
-0.700646
-1.169126
-0.684786
-0.8755634
-0.698816
-0.68137
-0.6570615
-0.687714
-0.8376215
-1.166564
-0.794769
-0.821121
-0.7265405
-0.787205
-0.669536
-0.6512055
-0.7669225
-0.9571205
-1.190385
-0.925004
-0.9106079
-0.7233685
-0.712846
-0.6496195
-0.6180215
-0.68686
-0.814655
-1.21759
-0.91988
-0.818193
-0.7513065
-0.69784
-0.7175125
-0.701988
-1.015589
-0.9550465
-0.9977465
-0.89121
-0.7616765
-0.708332
-0.7167805
-0.6064315
-0.7617985
-0.827953
-1.280329
-0.7560645
-0.789889
-0.8446975
-0.7250765
-0.7227585
-0.7367885
-1.036695
-1.11752
-0.7404485
-0.8837375
-0.785253
-0.775127
-0.6142395
-0.6351015
-0.775493
-1.040721
-1.278255
-0.7223925
-0.7661905
-0.936716
-0.69357
-0.7605785
-0.7200745
-1.098824
-1.010099
-0.9574865
-0.7647265
-0.809287
-0.6512055
-0.686128
-0.7292245
-0.8400615
-0.920978
-0.8288069
-0.7630185
-0.778421
-0.795623
-0.7722905
-0.706258
-0.782691
-0.7653365
-1.118252
-0.8564095
-0.9977465
-0.701378
-0.7291025
-0.677222
-0.691984
-0.824293
-0.8773935
-0.9798126
-0.7660685
-0.793671
-0.7322745
-0.671854
-0.68381
-0.815509
-1.07357
-1.283745
-0.816119
-0.939278
-0.6538895
-0.70272
-0.7317865
-0.686738
-0.8722695
-1.058564
-0.9649285
-0.700158
-0.7532585
-0.775737
-0.7197085
-0.7245885
-0.8488455
-0.7294685
-0.927078
-0.8838595
-0.8455515
-0.7217825
-0.7400825
-0.684664
-0.820999
-1.058167
-0.779153
-0.8399395
-0.811605
-0.775615
-0.701622
-0.678808
-0.8542135
-0.813557
-1.031815
-0.8360355
-0.8533595
-0.599569
-0.7586265
-0.677832
-0.6551095
-0.815265
-1.323182
-0.69174
-0.796599
-0.781227
-0.6549875
-0.692106
-0.784643
-1.024617
-1.277645
-1.015223
-0.8797114
-0.780251
-0.6347355
-0.69662
-0.688934
-0.7233685
-1.161196
-0.9840825
-0.906826
-0.8801995
-0.7571625
-0.66551
-0.7421565
-0.7339825
-1.004121
-1.136064
-0.9990885
-1.007537
-0.7344705
-0.670024
-0.6303435
-0.6142395
-0.700036
-0.829295
-1.212832
-0.9519965
-0.7672885
-0.7270285
-0.684054
-0.696742
-0.697108
-0.798551
-0.8327415
-1.010953
-0.9826185
-0.8831275
-0.659044
-0.7493545
-0.6394935
-0.6432755
-0.8484795
-1.089429
-0.9718825
-0.6415675
-0.776835
-0.785009
-0.708576
-0.7216605
-0.7300785
-0.8331075
-1.672528
-0.7166585
-1.009855
-0.664656
-0.661606
-0.710772
-0.668438
-0.7552105
-0.7563085
-1.126304
-0.8658035
-0.8312775
-0.817583
-0.7363005
-0.712846
-0.7255645
-0.8532375
-1.011807
-0.8348155
-0.8708055
-0.8353035
-0.779031
-0.664778
-0.691984
-0.7474025
-0.805505
-1.265201
-0.824781
-0.820267
-0.7239785
-0.7352025
-0.665022
-0.563213
-1.070032
-1.210636
-0.827709
-0.939522
-0.7228805
-0.676978
-0.6832
-0.6299775
-0.6261955
-0.9666365
-1.1163
-0.930738
-0.71004
-0.776103
-0.7549665
-0.704306
-0.668926
-0.7515505
-0.829051
-1.13521
-1.037061
-0.939644
-0.6279035
-0.6537675
-0.6103355
-0.679052
-0.821243
-0.799405
-1.019127
-0.8462834
-0.7454505
-0.714066
-0.7199525
-0.709552
-0.6230235
-0.773541
-0.9901825
-0.7575285
-0.89426
-0.8354254
-0.677344
-0.589687
-0.571997
-0.6070415
-0.775859
-0.924394
-1.007293
-0.7410585
-0.8791015
-0.690398
-0.7499645
-0.696986
-0.703208
-0.8853235
-1.293535
-0.799161
-0.9189039
-0.7197085
-0.574193
-0.8830054
-0.546621
-0.663924
-0.8403055
-1.098336
-0.943304
-0.8600695
-0.68259
-0.711748
-0.7554545
-0.6100915
-0.806603
-1.428163
-0.6302215
-0.9441885
-0.67283
-0.69235
-0.699792
-0.556015
-0.689422
-0.9939645
-1.056581
-0.8379875
-0.6197295
-0.8712935
-0.820389
-0.6514495
-0.6188755
-0.6427875
-1.075643
-1.331356
-0.825513
-0.9809105
-0.69601
-0.696864
-0.684176
-0.6322955
-0.6215595
-1.003999
-1.18465
-0.699914
-0.7699725
-0.7303225
-0.564921
-0.6207055
-0.592127
-0.7211725
-1.558275
-0.7548445
-0.8690975
-0.7186105
-0.567117
-0.591395
-0.6309535
-0.7353245
-0.9113401
-1.051945
-0.8627535
-0.7159265
-0.775737
-0.712358
-0.7432545
-0.8455515
-1.076375
-0.7674105
-0.798063
-0.686128
-0.659288
-0.65819
-0.590663
-0.6552315
-0.941474
-1.104435
-0.8477475
-0.592249
-0.7226365
-0.7502085
-0.6465695
-0.7172685
-0.7626525
-0.7698505
-1.006927
-0.9611465
-0.826977
-0.7177565
-0.659166
-0.677954
-0.666364
-0.698816
-1.122644
-0.9482145
-0.7269065
-0.803431
-0.796233
-0.7403265
-0.7347145
-0.658922
-0.7223925
-0.7688745
-0.8503095
-0.792207
-0.819657
-0.692594
-0.705892
-0.668804
-0.677466
-0.928542
-0.7613105
-0.9478485
-0.8627535
-0.788547
-0.7616765
-0.714676
-0.7688745
-0.7400825
-0.7698505
-1.065762
-0.8579955
-0.8417695
-0.775737
-0.699548
-0.6433975
-0.6316855
-0.699304
-0.800747
-1.117642
-0.8698295
-0.8385975
-0.7380085
-0.7433765
-0.7536245
-0.7708265
-0.7251984
-1.034255
-1.093456
-0.928786
-0.785619
-0.8582395
-0.679906
-0.7365445
-0.671122
-0.676368
-0.915732
-1.394704
-0.8732455
-0.7430105
-0.707234
-0.7420345
-0.688202
-0.683444
-0.773663
-1.011319
-1.332576
-0.8660475
-0.896212
-0.7345925
-0.7233685
-0.6649
-0.669414
-0.7271505
-0.8542135
-1.075643
-0.7281265
-0.786961
-0.821731
-0.785253
-0.7365445
-0.7696065
-0.7326405
-1.124352
-1.456344
-0.7273945
-0.9089
-0.7326405
-0.6402255
-0.7124799
-0.6241215
-0.7495985
-1.109681
-1.386408
-0.8526275
-0.7535025
-0.801723
-0.803919
-0.67405
-0.7248325
-0.7530145
-0.895724
-1.067592
-0.92964
-0.790377
-0.7574065
-0.6521815
-0.6326615
-0.6354675
-0.66429
-1.015223
-1.481751
-0.892674
-0.6577935
-0.6501075
-0.685152
-0.7310545
-0.7445965
-0.918294
-0.8736115
-0.9504105
-0.8411595
-0.800137
-0.7675325
-0.815021
-0.6451055
-0.66917
-0.893772
-1.296098
-0.800625
-0.6543775
-0.8431115
-0.7687525
-0.686494
-0.695766
-0.7682645
-0.692106
-1.122766
-0.9916465
-0.9555345
-0.707112
-0.7503305
-0.6044795
-0.666608
-0.659044
-0.9485804
-1.000674
-0.815021
-0.8505535
-0.7389845
-0.792939
-0.71431
-0.660752
-0.695766
-0.9289081
-1.372744
-0.899018
-0.8449416
-0.7436205
-0.704306
-0.6477895
-0.6242435
-0.6454715
-1.021811
-1.21759
-0.8614115
-0.7414245
-0.6458375
-0.7297125
-0.67405
-0.689666
-0.705526
-0.812093
-1.453905
-0.8777595
-0.942572
-0.695888
-0.7447185
-0.6188755
-0.6148495
-0.799039
-0.9541925
-1.348832
-0.810507
-0.710406
-0.7219045
-0.7364225
-0.6238775
-0.7015
-0.7620425
-0.8618995
-1.419379
-0.9504105
-0.815509
-0.7589925
-0.674416
-0.6303435
-0.6382735
-0.783667
-0.7526485
-1.012905
-0.934642
-0.7421565
-0.7597245
-0.7309325
-0.664046
-0.6437635
-0.7480125
-0.7447185
-0.9555345
-0.7681425
-0.8689755
-0.663436
-0.690154
-0.6546215
-0.678442
-0.90463
-0.930616
-0.8349375
-0.784765
-0.7303225
-0.7555765
-0.6379075
-0.677222
-0.7434985
-1.025105
-1.228693
-0.9762745
-0.8662915
-0.709186
-0.68991
-0.599447
-0.663436
-0.691252
-0.935984
-1.218078
-0.7558205
-0.7184885
-0.7236125
-0.684786
-0.713944
-0.6521815
-0.71187
-1.003755
-1.147776
-0.8747095
-0.887184
-0.686616
-0.686616
-0.6042355
-0.6205835
-0.7255645
-0.8597035
-1.264835
-0.6137515
-0.68503
-0.8359135
-0.7387405
-0.7184885
-0.7193425
-0.894138
-1.040965
-0.8712935
-0.8699515
-0.7480125
-0.6430315
-0.7371545
-0.6519375
-0.671732
-0.8320096
-0.9512645
-0.926346
-0.670756
-0.7359345
-0.7414245
-0.70211
-0.665632
-0.706868
-1.036207
-1.181844
-0.8693415
-0.8342054
-0.8344495
-0.712602
-0.7400825
-0.6181435
-0.692106
-0.904752
-0.9948185
-0.898774
-0.562969
-0.822951
-0.7713145
-0.66978
-0.658434
-0.7660685
-0.7659465
-1.468697
-0.687104
-0.9983565
-0.7186105
-0.665266
-0.678564
-0.6331495
-0.679662
-0.8645836
-1.459425
-0.802943
-0.7724125
-0.802699
-0.683932
-0.5232885
-0.706258
-0.8303015
-0.8401835
-1.082476
-0.8466495
-0.8453075
-0.7506965
-0.7272725
-0.6353455
-0.67527
-0.775005
-0.9004821
-1.011685
-0.66734
-0.803065
-0.8801995
-0.7300785
-0.701622
-0.7715585
-0.8345715
-1.118252
-0.8581175
-0.8442094
-0.6321735
-0.6361995
-0.667828
-0.6161915
-0.7304445
-0.916952
-1.075521
-0.7414245
-0.7537465
-0.712846
-0.699182
-0.687592
-0.6154595
-0.7260525
-1.127158
-0.794159
-0.7470365
-0.8792235
-0.69174
-0.658922
-0.6315635
-0.561871
-0.814533
-0.824903
-0.8864214
-0.693814
-0.807579
-0.689788
-0.661362
-0.6047235
-0.6276595
-0.600667
-0.7563085
-1.391532
-0.819291
-0.802699
-0.7260525
-0.6393715
-0.694058
-0.6294895
-0.6141175
-0.8618995
-1.08455
-0.8390855
-0.683932
-0.68808
-0.7273945
-0.684176
-0.699914
-0.711504
-0.9811544
-1.690005
-0.70943
-1.005097
-0.776103
-0.709186
-0.682224
-0.586149
-0.7675325
-0.7616765
-1.38714
-0.7476465
-0.7636285
-0.775371
-0.701622
-0.6300995
-0.7304445
-0.8405495
-1.083817
-1.053897
-0.692228
-0.8600695
-0.68015
-0.702964
-0.69845
-0.6191195
-0.702598
-0.7650925
-1.232993
-0.7221485
-0.7415465
-0.7588705
-0.667706
-0.6518155
-0.6537675
-0.7578945
-0.671976
-1.067348
-0.8821515
-0.8344495
-0.6274155
-0.68198
-0.6177775
-0.6309535
-0.6553535
-0.6247315
-1.227716
-0.6342475
-0.7348365
-0.686738
-0.6541335
-0.6382735
-0.673806
-1.082354
-0.9487025
-0.785497
-0.918172
-0.784643
-0.6457155
-0.6399815
-0.590785
-0.673684
-0.9549245
-1.3908
-0.693448
-0.5905409
-0.7311765
-0.6229015
-0.6366875
-0.6250975
-0.807457
-0.7160485
-1.089795
-0.785863
-0.694546
-0.5169445
-0.6457155
-0.6139955
-0.711626
-0.8812975
-1.621746
-0.6187535
-0.6419335
-0.6527915
-0.667706
-0.6031375
-0.6280255
-0.6422995
-1.234823
-0.89365
-0.8788576
-0.794403
-0.593591
-0.600057
-0.5320725
-0.6210715
-0.937448
-1.376404
-0.674294
-0.709918
-0.7187325
-0.700036
-0.6326615
-0.6552315
-0.828441
-0.797087
-0.793305
-0.687592
-0.8589715
-0.6180215
-0.6242435
-0.6508395
-0.696986
-1.031693
-1.105168
-0.482632
-0.690276
-0.7505745
-0.699914
-0.6537675
-0.7591145
-1.204537
-1.290486
-0.695034
-0.797331
-0.819901
-0.6146055
-0.6386395
-0.6277815
-0.8404275
-0.708332
-0.705038
-0.71004
-0.7570405
-0.694424
-0.689178
-0.7226365
-0.926712
-0.789401
-0.8787355
-0.7552105
-0.894504
-0.582855
-0.69662
-0.6197295
-0.6098475
-0.8403055
-1.491999
-0.7344705
-0.693204
-0.8303015
-0.709308
-0.6130195
-0.684054
-1.085647
-1.351394
-0.7356905
-0.824537
-0.7173905
-0.712846
-0.6119215
-0.6337595
-0.597861
-0.7616765
-0.889868
-1.079425
-0.6047235
-0.797331
-0.66307
-0.593835
-0.7625305
-0.9567545
-1.690493
-0.585783
-0.8678775
-0.6219255
-0.6252195
-0.674904
-0.563579
-0.70028
-0.7343485
-1.082109
-0.809653
-0.71187
-0.7538685
-0.6351015
-0.6265615
-0.8665355
-0.791353
-1.334039
-0.660264
-0.898042
-0.552965
-0.801479
-0.6422995
-0.6189975
-1.188676
-1.205513
-0.7721685
-0.6361995
-0.6569394
-0.7173905
-0.677344
-0.681492
-0.9522405
-1.094309
-0.806237
-1.004853
-0.697474
-0.7403265
-0.705526
-0.6143615
-0.7234905
-0.673806
-1.416451
-0.7410585
-0.7550885
-0.7234905
-0.6482775
-0.5905409
-0.6049675
-0.9507765
-1.199779
-0.905362
-0.8533595
-0.794281
-0.569191
-0.6893
-0.577487
-0.9544365
-0.9773725
-0.904752
-0.685762
-0.7204405
-0.700036
-0.6152155
-0.67222
-0.683444
-0.9746885
-1.38653
-0.714188
-0.892308
-0.683932
-0.6237555
-0.558821
-0.6009415
-0.812825
-0.8459175
-1.16022
-0.692106
-0.8383535
-0.7531365
-0.661362
-0.69296
-0.707112
-1.200876
-1.213565
-0.811361
-0.8374994
-0.7416685
-0.67466
-0.6139955
-0.591639
-0.7669225
-0.9861565
-0.929518
-0.7315425
-0.7180005
-0.782691
-0.663924
-0.6108235
-0.6496195
-0.8133129
-1.281427
-0.793427
-0.8382315
-0.7570405
-0.665266
-0.663558
-0.685762
-0.9828625
-0.8611675
-0.794891
-0.694302
-0.7197085
-0.7485005
-0.6369315
-0.672586
-0.7664345
-0.8683655
-0.9590725
-0.7383745
-0.939034
-0.6396155
-0.712114
-0.6103355
-0.588345
-0.936106
-0.9989665
-0.795013
-0.775737
-0.7244665
-0.705404
-0.7248325
-0.70699
-0.7258085
-1.139846
-0.89609
-0.929396
-0.8866655
-0.7500865
-0.692106
-0.661606
-0.683322
-0.8714155
-0.785619
-0.928054
-0.6518155
-0.7643605
-0.804285
-0.699792
-0.804651
-0.7713145
-0.9584625
-1.369572
-0.707112
-0.91622
-0.7510625
-0.666486
-0.712236
-0.6075295
-0.7630185
-1.021201
-1.09797
-0.7654585
-0.7322745
-0.819291
-0.7311765
-0.7450845
-0.7156825
-0.895358
-0.7607005
-1.036207
-0.7197085
-0.772565
-0.6083835
-0.7195865
-0.591273
-0.660386
-0.937936
-1.366156
-0.896212
-0.663802
-0.788913
-0.705404
-0.6551095
-0.6588
-0.7316645
-0.799771
-1.084306
-0.8003809
-0.8676335
-0.8743435
-0.6269275
-0.597983
-0.6242435
-0.7247105
-0.8603135
-1.327451
-0.7626525
-0.687104
-0.824415
-0.661484
-0.659044
-0.7360565
-0.942084
-0.926834
-0.794769
-0.933788
-0.785131
-0.7624085
-0.6382735
-0.6286355
-0.6232675
-0.8509195
-0.8384755
-0.9568765
-0.7171465
-0.7391065
-0.809043
-0.7328845
-0.71126
-0.7328845
-1.000674
-1.146678
-0.8451855
-0.909388
-0.68564
-0.7159265
-0.683932
-0.6458375
-0.67405
-0.8638515
-1.201486
-0.8828835
-0.7370325
-0.698938
-0.7275165
-0.6390055
-0.689056
-0.700768
-0.8759295
-1.350296
-1.052555
-0.781227
-0.7223925
-0.70333
-0.6276595
-0.6153375
-0.919392
-0.9732245
-0.796965
-0.8695855
-0.802821
-0.700402
-0.677954
-0.69418
-0.710406
-0.9877425
-1.185627
-0.937936
-0.9667585
-0.806481
-0.6502295
-0.67832
-0.6329055
-0.666486
-0.9716385
-1.632146
-0.775859
-0.805505
-0.791231
-0.7389845
-0.7338605
-0.7250765
-0.7173905
-0.917806
-1.07174
-0.8589715
-0.8597035
-0.7330065
-0.6342475
-0.678198
-0.6771
-0.7700945
-1.496391
-0.7574065
-0.8361575
-0.776225
-0.6314415
-0.7547225
-0.701256
-0.8332295
-1.012539
-0.9805445
-0.899628
-0.674538
-0.699304
-0.6277815
-0.6365655
-0.661362
-0.89487
-1.404982
-0.789767
-0.674294
-0.714676
-0.714432
-0.66795
-0.786717
-0.9626105
-1.350174
-0.913536
-0.907558
-0.7377645
-0.6182655
-0.5408565
-0.6224135
-0.686006
-0.9523625
-1.094797
-0.803919
-0.675514
-0.6208275
-0.66612
-0.589687
-0.703818
-0.7254425
-1.39385
-0.9851805
-0.811117
-0.6252195
-0.6246095
-0.585661
-0.577121
-0.674782
-0.8782475
-1.14558
-0.669902
-0.8916981
-0.7198305
-0.6549875
-0.684664
-0.706014
-1.066127
-1.372012
-1.062955
-0.701866
-0.7158045
-0.668438
-0.7499645
-0.679174
-0.8431115
-1.308786
-1.096871
-0.710528
-0.7688745
-0.8345715
-0.672342
-0.71492
-0.7555765
-0.8705615
-1.466989
-0.8368895
-0.90036
-0.8555555
-0.7543565
-0.7683865
-0.7353245
-1.002779
-1.206
-0.8368895
-0.6516935
-0.8698295
-0.8708055
-0.7469145
-0.809409
-0.7632625
-0.8462834
-0.9794465
-0.892918
-0.8360355
-0.7721685
-0.7670445
-0.668438
-0.681736
-0.9740785
-1.082963
-0.8811755
-0.697352
-0.820999
-0.7536245
-0.7238565
-0.7615545
-0.8401835
-0.791841
-0.900604
-0.9180501
-0.706746
-0.7267845
-0.7281265
-0.6290015
-0.69418
-1.002413
-1.285575
-0.90829
-0.70028
-0.7653365
-0.6302215
-0.708942
-0.68503
-0.912926
-1.236165
-1.076985
-0.821243
-0.7325185
-0.7194645
-0.7715585
-0.6376635
-0.790987
-1.006439
-1.152046
-0.827099
-0.681614
-0.931714
-0.788303
-0.66612
-0.936106
-0.9323239
-1.151192
-0.790255
-1.028155
-0.790743
-0.553697
-0.69418
-0.774273
-0.713944
-1.070886
-0.9659045
-0.8411595
-0.779641
-0.814289
-0.6369315
-0.7441085
-0.8708055
-1.122278
-1.095774
-0.9276879
-0.816851
-0.6477895
-0.712114
-0.69662
-0.8845915
-1.089917
-1.246047
-0.7156825
-0.596153
-0.8767835
-0.794647
-0.7609445
-0.814411
-0.9777386
-1.15229
-0.5403685
-1.098945
-0.781959
-0.6481555
-0.6211935
-0.6089935
-0.8675115
-0.8792235
-0.917806
-0.671
-0.7617985
-0.713578
-0.687958
-0.674904
-0.7713145
-0.93025
-0.7607005
-1.174037
-0.772809
-0.6447395
-0.593347
-0.808433
-0.595543
-0.801723
-0.92781
-0.9898165
-0.691862
-0.695766
-0.822341
-0.678686
-0.685762
-0.784277
-0.7242225
-1.342091
-0.6310755
-0.9726145
-0.925004
-0.6274155
-0.709064
-0.6177775
-0.788547
-1.406934
-0.938058
-0.6588
-0.775371
-0.8340836
-0.665144
-0.664778
-1.059296
-1.211735
-0.792451
-0.9677345
-0.678808
-0.6063095
-0.6044795
-0.589077
-0.7448405
-1.016321
-1.332332
-0.699548
-0.7367885
-0.7716805
-0.7607005
-0.6454715
-0.808433
-1.038525
-1.082354
-0.795501
-0.7554545
-0.6441295
-0.6290015
-0.6260735
-0.790011
-0.6542555
-1.15046
-0.8599475
-0.8233171
-0.69967
-0.7233685
-0.7242225
-1.041453
-1.186724
-0.7646045
-0.7675325
-0.8003809
-0.672708
-0.7373985
-0.7219045
-0.9911585
-1.299757
-0.673684
-0.7310545
-0.808189
-0.8831275
-0.776103
-0.8539695
-0.774761
-0.826001
-0.922808
-0.819779
-0.7470365
-0.8345715
-0.567727
-1.158024
-1.280207
-0.6163135
-0.7511845
-0.8733675
-0.800503
-0.828319
-0.7254425
-1.127768
-1.069788
-0.807335
-0.930616
-0.8317655
-0.671122
-0.796111
-0.808677
-1.06442
-1.524848
-0.70943
-0.704184
-0.913658
-0.688934
-0.794281
-0.892308
-0.9960385
-1.275693
-0.782447
-0.8647054
-0.778543
-0.6398595
-0.673684
-0.712724
-1.269349
-1.11261
-0.566263
-0.772931
-0.8320096
-0.7497205
-0.7500865
-0.809287
-0.7283705
-1.387994
-0.8346935
-0.8449416
-0.694912
-0.7421565
-0.670634
-0.775005
-0.929884
-1.10041
-0.7558205
-0.777689
-0.779275
-0.68137
-0.774883
-0.914146
-0.938058
-1.084916
-0.776225
-0.8577515
-0.6458375
-0.7525265
-0.66673
-0.923052
-1.260443
-0.7309325
-0.8623875
-0.7691185
-0.8532375
-0.823927
-0.7447185
-0.7616765
-0.908168
-0.9998205
-1.038525
-0.7387405
-0.6465695
-0.687592
-0.6232675
-0.8738555
-0.890234
-1.166686
-0.554917
-0.9584625
-0.783179
-0.7282485
-0.804163
-1.217103
-0.7530145
-0.7654585
-0.9599264
-0.705404
-0.777201
-0.781227
-0.676612
-0.788791
-0.9394
-1.349808
-0.7231245
-0.7665565
-0.7433765
-0.7243445
-0.7232465
-0.808433
-0.9507765
-1.309883
-0.8487235
-0.936594
-0.812825
-0.7178785
-0.6348575
-0.68442
-1.195753
-1.189287
-0.8867875
-0.702964
-0.786961
-0.796843
-0.7344705
-0.7166585
-0.9538265
-1.095163
-0.9738345
-0.8446975
-0.809531
-0.696376
-0.7392285
-0.71492
-0.8609235
-1.146556
-0.687104
-0.772565
-0.7394725
-0.799771
-0.7382525
-0.7474025
-0.9731025
-1.511641
-0.7422785
-0.809653
-0.793793
-0.7416685
-0.66124
-0.7208065
-0.8606795
-0.906094
-0.900116
-0.6454715
-0.8614115
-0.7232465
-0.774883
-0.696376
-0.71187
-1.016077
-1.368474
-0.918538
-0.775615
-0.7239785
-0.678564
-0.6338815
-0.68869
-1.031449
-1.325256
-0.6771
-0.7460605
-0.7691185
-0.808189
-0.70211
-0.68625
-1.041453
-0.9444324
-0.9888405
-0.811239
-0.8769055
-0.5688249
-0.70699
-0.6308315
-0.90585
-1.002169
-0.9500445
-0.668072
-0.8623875
-0.821487
-0.683688
-0.681126
-1.014125
-1.098091
-1.066738
-0.796965
-0.8404275
-0.6110675
-0.7382525
-0.698694
-1.003633
-1.313543
-0.8727575
-0.6490095
-0.8354254
-0.7643605
-0.7283705
-0.7592365
-0.909388
-1.091626
-0.705038
-0.8658035
-0.809165
-0.7547225
-0.7304445
-0.7327625
-1.1407
-1.245437
-0.6207055
-0.7696065
-0.8810535
-0.711626
-0.693936
-0.821365
-0.7646045
-1.210636
-0.8759295
-0.896456
-0.6475455
-0.6187535
-0.678076
-0.8578735
-1.134356
-1.144238
-0.7314205
-0.8780035
-0.7349585
-0.801235
-0.773663
-0.7483785
-0.7373985
-0.9450425
-0.8382315
-0.915976
-0.67222
-0.7200745
-0.663558
-0.7694845
-1.199291
-0.814655
-0.6525475
-0.7487445
-0.779153
-0.7720465
-0.665266
-1.128988
-1.326231
-0.7514285
-0.9649285
-0.7581385
-0.71187
-0.7685085
-0.570899
-0.8734894
-0.888404
-1.06137
-0.4914465
-0.7195865
-0.7639945
-0.557723
-0.7694845
-1.11261
-1.193434
-0.8567755
-0.8305455
-0.7316645
-0.6460814
-0.598227
-0.6475455
-1.095163
-1.127646
-0.710284
-0.6225355
-0.776347
-0.6371755
-0.684176
-0.7184885
-0.8704395
-1.336967
-1.153876
-0.692472
-0.665754
-0.66612
-0.6387615
-0.7624085
-0.915488
-1.147776
-0.707844
-0.668438
-0.7425225
-0.7486225
-0.702354
-0.824781
-0.7559425
-0.808799
-0.8459175
-0.8651935
-0.6551095
-0.7309325
-0.591761
-0.7591145
-0.8793455
-1.064175
-0.675026
-0.7607005
-0.8418915
-0.706502
-0.682712
-1.011075
-0.554551
-0.9517525
-0.8801995
-0.791353
-0.713212
-0.7154385
-0.6096035
-1.148996
-0.803553
-0.8367675
-0.779885
-0.9519965
-0.6014295
-0.6520595
-0.7275165
-1.237995
-1.045967
-0.90951
-0.8477475
-0.709186
-0.818315
-0.599935
-0.694424
-1.06259
-1.54083
-0.4920565
-0.712358
-0.9704185
-0.7223925
-0.696742
-0.805993
-0.8345715
-1.396534
-0.809165
-0.7420345
-0.694668
-0.7367885
-0.676002
-0.6041135
-0.8462834
-1.246657
-0.814289
-0.4929105
-1.05954
-0.795379
-0.7633845
-0.8653155
-0.811605
-1.007415
-0.8748315
-0.7175125
-0.907558
-0.7182445
-0.71492
-0.707722
-1.073081
-0.695888
-1.371524
-0.7663125
-0.7560645
-0.7303225
-0.7443525
-0.6136295
-0.672708
-1.117154
-1.386286
-1.050969
-0.7399605
-0.7331285
-0.6412015
-0.6132635
-0.7476465
-1.102849
-1.15229
-0.7615545
-0.685274
-0.793793
-0.7641165
-0.7253205
-0.887672
-0.776957
-0.91744
-0.799161
-0.7625305
-0.7175125
-0.9688325
-0.6182655
-0.788791
-0.671732
-1.284599
-0.4960825
-0.7604565
-0.9720045
-0.7247105
-0.8324975
-0.900848
-0.6205835
-0.781715
-0.8801995
-0.809775
-0.662582
-0.687226
-0.672952
-0.797087
-0.8511635
-1.235189
-0.808555
-0.6325395
-0.9609025
-0.8603135
-0.773297
-0.9134141
-0.7243445
-1.058533
-0.8494555
-0.796233
-0.6574275
-0.68381
-0.70089
-1.033157
-1.063321
-0.8649495
-0.782569
-0.6330275
-0.7311765
-0.7288585
-0.6397375
-1.053409
-1.664598
-0.8759295
-0.9466285
-0.7382525
-0.793305
-0.700036
-0.7172685
-0.9938425
-0.8797114
-1.097115
-0.7494765
-0.7453285
-0.801357
-0.774273
-0.7546005
-0.8617775
-0.8721474
-0.9626105
-0.9683445
-0.7506965
-0.7625305
-0.71126
-0.7249545
-0.6146055
-0.7613105
-0.811483
-1.417915
-0.670024
-0.917196
-0.6316855
-0.7505745
-0.816729
-0.791841
-0.9770064
-1.038159
-0.8660475
-0.8355475
-0.7556985
-0.662338
-0.6470575
-0.697718
-0.8329855
-0.9455305
-1.141554
-0.8556775
-0.7480125
-0.8700734
-0.702598
-0.7428885
-0.7536245
-0.7553325
-0.8916981
-0.9927445
-0.9710286
-0.7721685
-0.91012
-0.805627
-0.798673
-0.7376425
-0.685152
-0.8437214
-1.185504
-0.808677
-0.808677
-0.7204405
-0.7156825
-0.6127755
-0.7376425
-0.7616765
-0.941596
-1.009733
-0.9622445
-0.7478905
-0.698084
-0.703208
-0.6420555
-0.700158
-0.7585045
-0.9911585
-0.8664135
-0.687958
-0.7491105
-0.8307894
-0.70516
-0.7124799
-0.6360775
-0.714066
-0.6119215
-1.102118
-0.917562
-0.8318875
-0.772809
-0.691984
-0.6499855
-0.6471795
-0.678564
-0.70089
-1.500661
-0.799527
-0.792573
-0.786229
-0.7206845
-0.711016
-0.6486435
-0.794403
-1.447682
-1.122644
-0.783911
-0.6060655
-0.796111
-0.715042
-0.70211
-0.7170245
-1.127036
-1.35542
-0.8650715
-0.698328
-0.7528925
-0.814899
-0.675148
-0.66307
-0.6138735
-0.696498
-1.171688
-1.191726
-0.9762745
-0.7419125
-0.779275
-0.678198
-0.692594
-0.697108
-0.804163
-1.11017
-0.887062
-0.590053
-0.896578
-0.8794675
-0.7190985
-0.7786649
-0.8967
-0.8484795
-1.100654
-0.8340836
-0.6451055
-0.7506965
-0.7714365
-0.600423
-0.7356905
-1.188311
-1.572062
-0.7265405
-0.7165365
-0.816241
-0.773053
-0.7720465
-0.7519165
-0.933666
-1.223081
-0.9582185
-0.8516515
-0.808921
-0.7553325
-0.7356905
-0.6424215
-0.7417905
-1.300367
-1.353346
-0.688446
-0.7646045
-0.8434775
-0.661484
-0.6497415
-0.678808
-0.9495565
-1.264225
-1.192459
-0.774395
-0.714554
-0.7383745
-0.6507175
-0.599935
-0.6147275
-0.8791015
-1.099189
-0.9823745
-0.680028
-0.774273
-0.9700525
-0.7559425
-0.6015515
-0.670756
-0.783789
-1.40117
-0.8439655
-0.905484
-0.798917
-0.6204615
-0.67832
-0.71431
-0.8765395
-1.016321
-0.9898165
-0.6048455
-0.7691185
-0.8782475
-0.71004
-0.6242435
-0.8575075
-1.142652
-0.926224
-1.044503
-0.598471
-0.702964
-0.7305665
-0.5375625
-0.5167005
-0.7222705
-1.559739
-0.7649705
-0.6443735
-0.810507
-0.66734
-0.691984
-0.671366
-0.924028
-1.30232
-0.7394725
-1.023763
-0.598105
-0.696742
-0.6160695
-0.590175
-0.7505745
-0.8671455
-1.096262
-0.806603
-0.7190985
-0.9573644
-0.585783
-0.6272935
-0.7525265
-1.218566
-0.926712
-1.139358
-0.8579955
-0.6580375
-0.696498
-0.67649
-0.5423205
-0.889136
-1.150338
-0.659044
-0.8703175
-0.9829845
-0.7350805
-0.6370535
-0.799893
-0.801235
-0.6309535
-1.158024
-0.9607805
-0.67527
-0.790011
-0.7137
-0.662582
-0.687226
-1.112975
-1.142286
-0.8487235
-0.8617775
-0.7699725
-0.7463045
-0.692472
-0.692472
-0.9817645
-0.9256139
-1.077839
-0.784887
-0.810507
-0.7511845
-0.6213155
-0.7292245
-0.670146
-0.92476
-1.018883
-0.809287
-0.8751975
-0.7383745
-0.819413
-0.658312
-0.690642
-0.794769
-1.068933
-1.138504
-1.092845
-0.826489
-0.573949
-0.7443525
-0.6270495
-0.5314625
-0.71004
-0.6159475
-1.261663
-0.562603
-0.8597035
-0.7380085
-0.69479
-0.664778
-0.713334
-0.9650505
-1.475407
-0.8609235
-0.7330065
-0.8781255
-0.689544
-0.6263175
-0.564555
-1.029009
-0.9851805
-0.9801785
-0.6315635
-0.7265405
-0.824659
-0.714554
-0.6507175
-0.7395945
-0.9979905
-1.33648
-0.797941
-0.8435995
-0.796111
-0.6305875
-0.67466
-0.6227795
-0.7424005
-0.912804
-0.807457
-0.698694
-0.8598255
-0.7611885
-0.707722
-0.69113
-0.802211
-1.180869
-1.332576
-0.9805445
-0.817583
-0.7334945
-0.6412015
-0.690276
-0.681248
-0.69784
-1.029009
-1.176232
-0.805993
-0.695766
-0.7591145
-0.698084
-0.67405
-0.68686
-0.797941
-0.591395
-1.175378
-0.919758
-0.792207
-0.71126
-0.70516
-0.6139955
-0.666608
-1.126182
-0.7637505
-1.058045
-0.676612
-0.8523835
-0.777689
-0.704794
-0.665022
-0.6060655
-1.175866
-1.257515
-1.112244
-0.782691
-0.706624
-0.688202
-0.6349795
-0.6482775
-0.68808
-1.1346
-1.15656
-0.8412815
-0.706014
-0.782325
-0.705282
-0.7302005
-0.68503
-0.7669225
-0.937448
-1.329159
-0.827831
-0.8739775
-0.683444
-0.7164145
-0.6468135
-0.6274155
-0.797331
-1.050237
-1.306101
-0.8758075
-0.7400825
-0.801845
-0.675514
-0.69357
-0.659166
-0.7515505
-0.8505535
-1.128988
-0.9611465
-0.671854
-0.7597245
-0.682712
-0.6141175
-0.671488
-0.898042
-0.8529935
-1.020225
-0.823805
-0.793793
-0.7176345
-0.7175125
-0.6194855
-0.712602
-0.8698295
-1.063321
-0.702354
-0.9521185
-0.663192
-0.691496
-0.6268055
-0.6381515
-0.6563295
-0.715164
-0.8606795
-0.920612
-0.8584835
-0.662338
-0.7705825
-0.6558415
-0.6117995
-0.6608739
-1.124108
-1.441948
-0.774151
-0.8749535
-0.711504
-0.7384965
-0.6075295
-0.66978
-0.7414245
-0.8700734
-1.397876
-0.7519165
-0.7338605
-0.797331
-0.6064315
-0.674294
-0.678076
-1.014369
-0.9849365
-0.916952
-0.9800565
-0.559065
-0.698206
-0.6157035
-0.594079
-0.702232
-0.788059
-1.308908
-0.788059
-0.6171675
-0.7539905
-0.701256
-0.6210715
-0.6327835
-0.7216605
-0.4108655
-1.299513
-0.778543
-0.8538474
-1.110657
-0.9921345
-0.804285
-0.67771
-0.3902475
